  0.266517907       2.60266542       2.00000000       2.33614802       1.72367692E-03   2.00000000      -1.32231379      0.956536055    
  0.315222323       4.80470514       1.00000000       4.48948288       0.00000000       1.00000000      -1.15447712       1.56959569    
  0.333108097       3.12627745       2.00000000       2.79316950       1.02379918E-03   2.00000000      -1.09928823       1.13984299    
  0.352341920       3.07543302       6.00000000       2.72309566       5.03183948E-03   6.00000000      -1.04315317       1.12344575    
  0.370643646       2.58851933       12.0000000       2.21788287       5.69052575E-03   12.0000000     -0.992514193      0.951086044    
  0.392436504       1.75617445       20.0000000       1.36374819       5.30039286E-03   20.0000000     -0.935380518      0.563137829    
  0.411973834       1.42365873       48.0000000       1.01170099       5.69659378E-03   48.0000000     -0.886795461      0.353230119    
  0.431753606       1.39607847       100.000000      0.964340568       5.54432301E-03   100.000000     -0.839900196      0.333667219    
  0.451707035       1.18099082       250.000000      0.729303896       5.39904833E-03   250.000000     -0.794721484      0.166353762    
  0.472401142      0.793929100       927.000000      0.321565032       4.85777715E-03   927.000000     -0.749926805     -0.230761111    
  0.490463465      0.756079972       2254.00000      0.265669942       5.30564412E-03   2254.00000     -0.712404490     -0.279608130    
  0.511417329      0.776050210       3049.00000      0.264690965       5.54557005E-03   3049.00000     -0.670569360     -0.253538072    
  0.530903161      0.845755935       5151.00000      0.314904958       5.76413516E-03   5151.00000     -0.633175671     -0.167524457    
  0.551049352      0.847363055       9624.00000      0.296369702       5.73398825E-03   9624.00000     -0.595930934     -0.165626034    
  0.570758343      0.902504146       15801.0000      0.331795752       5.73381968E-03   15801.0000     -0.560789406     -0.102581993    
  0.590587080      0.963039756       23576.0000      0.372496724       5.79774892E-03   23576.0000     -0.526638210      -3.76605839E-02
  0.610484600       1.03191602       31761.0000      0.421469837       5.77734690E-03   31761.0000     -0.493502200       3.14172916E-02
  0.630172014       1.06249905       36764.0000      0.432367265       5.80765493E-03   36764.0000     -0.461762458       6.06237240E-02
  0.649721980       1.08971572       35975.0000      0.440029711       5.70884813E-03   35975.0000     -0.431210726       8.59168544E-02
  0.669408381       1.06959260       28765.0000      0.400222272       5.70706325E-03   28765.0000     -0.401360959       6.72778264E-02
  0.689368844       1.07246447       19468.0000      0.383140296       5.75671485E-03   19468.0000     -0.371978819       6.99592382E-02
  0.708884895       1.03468597       10874.0000      0.325854629       5.82274888E-03   10874.0000     -0.344062120       3.40979695E-02
  0.729070306       1.06128442       6054.00000      0.332258523       5.44724753E-03   6054.00000     -0.315985113       5.94798960E-02
  0.748924613       1.07066381       2704.00000      0.321788669       5.62945846E-03   2704.00000     -0.289116949       6.82788417E-02
  0.768145978       1.02761078       1522.00000      0.259529918       5.85113419E-03   1522.00000     -0.263775498       2.72364747E-02
  0.789354801      0.954012632       809.000000      0.164746717       5.39802341E-03   809.000000     -0.236539379      -4.70783673E-02
  0.809049487       1.04705727       329.000000      0.238080129       5.86879998E-03   329.000000     -0.211895198       4.59836312E-02
  0.829313874       1.08335686       189.000000      0.254108280       5.77575015E-03   189.000000     -0.187156573       8.00644234E-02
  0.848324358      0.941635132       90.0000000       9.34752300E-02   5.54379029E-03   90.0000000     -0.164492220      -6.01374134E-02
  0.868385315      0.798160970       28.0000000       7.04104006E-02   5.11556584E-03   28.0000000     -0.141119748     -0.225444987    
  0.889164090      0.293725520       18.0000000      0.595463991       5.51037816E-03   18.0000000     -0.117473483      -1.22510958    
  0.909375012      0.347739786       10.0000000      0.561678946       7.00181536E-03   10.0000000      -9.49977189E-02  -1.05630088    
  0.933668733      0.418881476       5.00000000      0.514792025       2.20920588E-03   5.00000000      -6.86335787E-02 -0.870167255    
  0.949282527      0.190029517       5.00000000      0.759287000       7.18158809E-03   5.00000000      -5.20488136E-02  -1.66057587    
  0.967190087      0.372019768       2.00000000      0.595183194       3.91656160E-03   2.00000000      -3.33602279E-02 -0.988808274    
  0.990277767      0.247700095       1.00000000      0.742577672       0.00000000       1.00000000      -9.76980198E-03  -1.39553654    
