  0.266517907       1.12381387       2.00000000       1.72367692E-03   9.05764103E-03   2.00000000      -1.32231379      0.116728142    
  0.315222323      0.974300683       1.00000000       0.00000000       0.00000000       1.00000000      -1.15447712      -2.60353144E-02
  0.333108097       1.00190234       2.00000000       1.02379918E-03   4.69506383E-02   2.00000000      -1.09928823       1.90053473E-03
  0.352341920      0.848988235       6.00000000       5.03183948E-03   9.08161253E-02   6.00000000      -1.04315317     -0.163709953    
  0.370643646      0.897306859       12.0000000       5.69052575E-03  0.123632006       12.0000000     -0.992514193     -0.108357377    
  0.392436504      0.892186046       20.0000000       5.30039286E-03  0.138347894       20.0000000     -0.935380518     -0.114080600    
  0.411973834      0.945297658       48.0000000       5.69659378E-03  0.151130393       48.0000000     -0.886795461      -5.62554188E-02
  0.431753606      0.928519905       100.000000       5.54432301E-03  0.161974460       100.000000     -0.839900196      -7.41634592E-02
  0.451707035      0.931284130       250.000000       5.39904833E-03  0.138981685       250.000000     -0.794721484      -7.11908638E-02
  0.472401142       1.00520837       927.000000       4.85777715E-03  0.117291644       927.000000     -0.749926805       5.19485632E-03
  0.490463465       1.00192916       2254.00000       5.30564412E-03  0.123315684       2254.00000     -0.712404490       1.92730548E-03
  0.511417329      0.949617982       3049.00000       5.54557005E-03  0.155691251       3049.00000     -0.670569360      -5.16954996E-02
  0.530903161      0.906329751       5151.00000       5.76413516E-03  0.154737160       5151.00000     -0.633175671      -9.83520746E-02
  0.551049352      0.888755679       9624.00000       5.73398825E-03  0.156501979       9624.00000     -0.595930934     -0.117932908    
  0.570758343      0.859654129       15801.0000       5.73381968E-03  0.151633739       15801.0000     -0.560789406     -0.151225150    
  0.590587080      0.830586731       23576.0000       5.79774892E-03  0.145346791       23576.0000     -0.526638210     -0.185622916    
  0.610484600      0.810210228       31761.0000       5.77734690E-03  0.137941033       31761.0000     -0.493502200     -0.210461527    
  0.630172014      0.794184923       36764.0000       5.80765493E-03  0.137000114       36764.0000     -0.461762458     -0.230438948    
  0.649721980      0.780444801       35975.0000       5.70884813E-03  0.135090366       35975.0000     -0.431210726     -0.247891262    
  0.669408381      0.776960194       28765.0000       5.70706325E-03  0.134841308       28765.0000     -0.401360959     -0.252366155    
  0.689368844      0.771373928       19468.0000       5.75671485E-03  0.135447800       19468.0000     -0.371978819     -0.259582043    
  0.708884895      0.769545436       10874.0000       5.82274888E-03  0.140889019       10874.0000     -0.344062120     -0.261955291    
  0.729070306      0.763546288       6054.00000       5.44724753E-03  0.145158574       6054.00000     -0.315985113     -0.269781530    
  0.748924613      0.769702792       2704.00000       5.62945846E-03  0.157931164       2704.00000     -0.289116949     -0.261750817    
  0.768145978      0.791547775       1522.00000       5.85113419E-03  0.192574650       1522.00000     -0.263775498     -0.233765036    
  0.789354801      0.787543058       809.000000       5.39802341E-03  0.176431894       809.000000     -0.236539379     -0.238837227    
  0.809049487      0.748982191       329.000000       5.86879998E-03  0.199891150       329.000000     -0.211895198     -0.289040059    
  0.829313874      0.746813416       189.000000       5.77575015E-03  0.204208806       189.000000     -0.187156573     -0.291939914    
  0.848324358      0.809990764       90.0000000       5.54379029E-03  0.223267898       90.0000000     -0.164492220     -0.210732430    
  0.868385315      0.839195549       28.0000000       5.11556584E-03  0.210787743       28.0000000     -0.141119748     -0.175311521    
  0.889164090      0.980198622       18.0000000       5.51037816E-03  0.146975473       18.0000000     -0.117473483      -2.00000517E-02
  0.909375012       1.01403654       10.0000000       7.00181536E-03   9.78462696E-02   10.0000000      -9.49977189E-02   1.39389364E-02
  0.933668733      0.933637798       5.00000000       2.20920588E-03  0.108099133       5.00000000      -6.86335787E-02  -6.86667114E-02
  0.949282527       1.09266496       5.00000000       7.18158809E-03   1.88222434E-02   5.00000000      -5.20488136E-02   8.86196271E-02
  0.967190087      0.992270947       2.00000000       3.91656160E-03  0.175025254       2.00000000      -3.33602279E-02  -7.75907747E-03
  0.990277767       1.19224739       1.00000000       0.00000000       0.00000000       1.00000000      -9.76980198E-03  0.175840095    
