  0.358103037       1.81439972       4.00000000       1.41594338E-03  0.497229367       4.00000000      -1.02693450      0.595754683    
  0.369987667       1.61493802       11.0000000       6.22921158E-03  0.473902851       11.0000000     -0.994285583      0.479296565    
  0.390901029       22.7149773       20.0000000       6.59943139E-03   63.3459930       20.0000000     -0.939300895       3.12302446    
  0.410823107       36.2456589       66.0000000       5.93778677E-03   73.7589951       66.0000000     -0.889592528       3.59031963    
  0.433498681       11.4385233       174.000000       5.10470197E-03   38.4095650       174.000000     -0.835866511       2.43698692    
  0.452449232       2.98548675       950.000000       5.56342164E-03   15.2809095       950.000000     -0.793079734       1.09376276    
  0.472226977       1.67261672       4670.00000       5.50225517E-03   8.19202518       4670.00000     -0.750295520      0.514389277    
  0.491670251       1.16268539       14162.0000       5.65294689E-03   4.60493374       14162.0000     -0.709946990      0.150732324    
  0.511257768      0.937651038       35567.0000       5.69100725E-03   2.43416953       35567.0000     -0.670881391      -6.43774271E-02
  0.530498028      0.842827678       58434.0000       5.71038853E-03   1.68569970       58434.0000     -0.633939028     -0.170992762    
  0.549574971      0.804452479       56282.0000       5.76699572E-03   1.45841169       56282.0000     -0.598610103     -0.217593387    
  0.568861723      0.827816069       35736.0000       5.63119398E-03   1.49619377       35736.0000     -0.564117908     -0.188964292    
  0.588729501      0.983615756       15224.0000       5.63234836E-03   2.22783446       15224.0000     -0.529788435      -1.65199507E-02
  0.607972741       1.19911695       5912.00000       5.56129869E-03   2.45098591       5912.00000     -0.497625232      0.181585401    
  0.628792346       1.93370306       2331.00000       5.81988087E-03   4.53699970       2331.00000     -0.463954210      0.659436822    
  0.648778558       2.14841080       1478.00000       5.67016425E-03   4.21856928       1478.00000     -0.432663828      0.764728427    
  0.669411600       2.81689239       914.000000       5.90966828E-03   5.31682158       914.000000     -0.401356161       1.03563428    
  0.689687908       2.55654860       694.000000       5.76419383E-03   4.56260490       694.000000     -0.371516079      0.938658118    
  0.709727824       2.75696158       570.000000       5.52150328E-03   5.09302855       570.000000     -0.342873722       1.01412916    
  0.729704618       3.30306625       420.000000       5.64300828E-03   5.30379486       420.000000     -0.315115452       1.19485116    
  0.750006735       4.13178778       336.000000       5.71493153E-03   5.57253551       336.000000     -0.287673086       1.41871023    
  0.769597411       4.19555283       266.000000       5.85873658E-03   5.25799370       266.000000     -0.261887729       1.43402517    
  0.789811671       4.72747612       173.000000       5.63605689E-03   5.50991106       173.000000     -0.235960752       1.55339146    
  0.808706939       6.35489082       217.000000       5.37249492E-03   4.74561024       217.000000     -0.212318674       1.84922469    
  0.829768240       7.27320528       194.000000       5.38796885E-03   4.27525091       194.000000     -0.186608851       1.98419714    
  0.849164069       6.57253885       154.000000       5.94842806E-03   4.12039232       154.000000     -0.163502857       1.88290024    
  0.870312631       4.59157276       86.0000000       5.70322713E-03   4.20863533       86.0000000     -0.138902783       1.52422261    
  0.890206277       5.58809185       77.0000000       5.85350348E-03   3.65987420       77.0000000     -0.116302073       1.72063792    
  0.909173489       5.97062588       97.0000000       5.85352769E-03   3.04671907       97.0000000      -9.52193439E-02   1.78685176    
  0.929511666       6.21599531       82.0000000       6.00575423E-03   1.95457339       82.0000000      -7.30959177E-02   1.82712591    
  0.950719535       5.56074429       158.000000       5.78586292E-03   1.72817135       158.000000      -5.05361743E-02   1.71573198    
  0.970523834       5.66405249       155.000000       5.49733452E-03   1.06501222       155.000000      -2.99193189E-02   1.73413968    
  0.989953935       5.39150953       200.000000       5.65915555E-03   1.02089477       200.000000      -1.00968666E-02   1.68482542    
   1.00945592       4.96249056       201.000000       5.45444619E-03   1.36098182       201.000000       9.41149145E-03   1.60190773    
   1.02742684       5.05847311       89.0000000       5.36853727E-03  0.971518278       89.0000000       2.70574614E-02   1.62106466    
   1.05028832       4.39236307       49.0000000       5.92409307E-03   1.65207219       49.0000000       4.90647182E-02   1.47986734    
   1.06945324       1.82770944       8.00000000       4.98087192E-03   1.99411035       8.00000000       6.71475232E-02  0.603063524    
   1.09261155      0.670327306       9.00000000       6.36431994E-03  0.119069427       9.00000000       8.85707512E-02 -0.399989158    
   1.10958850      0.711660385       5.00000000       6.84497505E-03  0.113579065       5.00000000      0.103989229     -0.340154469    
   1.13258815      0.641988456       5.00000000       3.47152259E-03  0.145637497       5.00000000      0.124505408     -0.443184942    
   1.17055297      0.641137004       7.00000000       6.60683308E-03  0.116150200       7.00000000      0.157476261     -0.444512099    
   1.19010425      0.650980532       4.00000000       3.89578426E-03   1.12389186E-02   4.00000000      0.174040899     -0.429275542    
   1.32774687      0.688297451       3.00000000       7.14198453E-03  0.106847279       3.00000000      0.283483416     -0.373534203    
   1.34158778      0.614549100       1.00000000       0.00000000       0.00000000       1.00000000      0.293853819     -0.486866444    
   1.54565132      0.563895524       1.00000000       0.00000000       0.00000000       1.00000000      0.435445398     -0.572886288    
