  0.358103037      0.681796312       4.00000000       1.41594338E-03   4.25713621E-02   4.00000000      -1.02693450     -0.383024335    
  0.369987667      0.663992167       11.0000000       6.22921158E-03   8.71662796E-02   11.0000000     -0.994285583     -0.409484923    
  0.390901029      0.688230276       20.0000000       6.59943139E-03   9.58891138E-02   20.0000000     -0.939300895     -0.373631805    
  0.410823107      0.643954277       66.0000000       5.93778677E-03  0.110905118       66.0000000     -0.889592528     -0.440127552    
  0.433498681      0.649464011       174.000000       5.10470197E-03  0.110701635       174.000000     -0.835866511     -0.431607842    
  0.452449232      0.683503211       950.000000       5.56342164E-03  0.105446935       950.000000     -0.793079734     -0.380523920    
  0.472226977      0.685204685       4670.00000       5.50225517E-03  0.111048885       4670.00000     -0.750295520     -0.378037661    
  0.491670251      0.681865275       14162.0000       5.65294689E-03  0.115637638       14162.0000     -0.709946990     -0.382923186    
  0.511257768      0.674841046       35567.0000       5.69100725E-03  0.117448159       35567.0000     -0.670881391     -0.393278092    
  0.530498028      0.664451897       58434.0000       5.71038853E-03  0.111337423       58434.0000     -0.633939028     -0.408792794    
  0.549574971      0.663453043       56282.0000       5.76699572E-03  0.113627769       56282.0000     -0.598610103     -0.410297215    
  0.568861723      0.653377771       35736.0000       5.63119398E-03  0.116018392       35736.0000     -0.564117908     -0.425599813    
  0.588729501      0.629458547       15224.0000       5.63234836E-03  0.122610413       15224.0000     -0.529788435     -0.462895274    
  0.607972741      0.606067598       5912.00000       5.56129869E-03  0.124749132       5912.00000     -0.497625232     -0.500763774    
  0.628792346      0.603467584       2331.00000       5.81988087E-03  0.115842745       2331.00000     -0.463954210     -0.505062938    
  0.648778558      0.596662104       1478.00000       5.67016425E-03  0.110601112       1478.00000     -0.432663828     -0.516404331    
  0.669411600      0.590706468       914.000000       5.90966828E-03   9.92426276E-02   914.000000     -0.401356161     -0.526436031    
  0.689687908      0.586204529       694.000000       5.76419383E-03  0.102748625       694.000000     -0.371516079     -0.534086525    
  0.709727824      0.604775667       570.000000       5.52150328E-03  0.125096783       570.000000     -0.342873722     -0.502897680    
  0.729704618      0.586246252       420.000000       5.64300828E-03   9.97830108E-02   420.000000     -0.315115452     -0.534015357    
  0.750006735      0.573970020       336.000000       5.71493153E-03  0.101249941       336.000000     -0.287673086     -0.555178106    
  0.769597411      0.574498594       266.000000       5.85873658E-03   9.31689963E-02   266.000000     -0.261887729     -0.554257631    
  0.789811671      0.609703064       173.000000       5.63605689E-03  0.117859922       173.000000     -0.235960752     -0.494783223    
  0.808706939      0.602455676       217.000000       5.37249492E-03   9.30633247E-02   217.000000     -0.212318674     -0.506741166    
  0.829768240      0.631483674       194.000000       5.38796885E-03   7.06875846E-02   194.000000     -0.186608851     -0.459683180    
  0.849164069      0.577025354       154.000000       5.94842806E-03   7.39184543E-02   154.000000     -0.163502857     -0.549869061    
  0.870312631      0.610198498       86.0000000       5.70322713E-03  0.103479944       86.0000000     -0.138902783     -0.493970960    
  0.890206277      0.605871141       77.0000000       5.85350348E-03   8.68410021E-02   77.0000000     -0.116302073     -0.501087964    
  0.909173489      0.598139048       97.0000000       5.85352769E-03  0.102387480       97.0000000      -9.52193439E-02 -0.513932049    
  0.929511666      0.570186496       82.0000000       6.00575423E-03   9.69079435E-02   82.0000000      -7.30959177E-02 -0.561791778    
  0.950719535      0.546718240       158.000000       5.78586292E-03   6.97617382E-02   158.000000      -5.05361743E-02 -0.603821695    
  0.970523834      0.559619606       155.000000       5.49733452E-03   5.89395203E-02   155.000000      -2.99193189E-02 -0.580497980    
  0.989953935      0.550956488       200.000000       5.65915555E-03   6.51950538E-02   200.000000      -1.00968666E-02 -0.596099436    
   1.00945592      0.557533383       201.000000       5.45444619E-03   7.46450350E-02   201.000000       9.41149145E-03 -0.584232926    
   1.02742684      0.564390242       89.0000000       5.36853727E-03   6.81966171E-02   89.0000000       2.70574614E-02 -0.572009325    
   1.05028832      0.630510688       49.0000000       5.92409307E-03   9.79923829E-02   49.0000000       4.90647182E-02 -0.461225182    
   1.06945324      0.575055897       8.00000000       4.98087192E-03   8.25569630E-02   8.00000000       6.71475232E-02 -0.553288043    
   1.09261155      0.773785353       9.00000000       6.36431994E-03  0.119144462       9.00000000       8.85707512E-02 -0.256460756    
   1.10958850      0.635764718       5.00000000       6.84497505E-03   8.66678879E-02   5.00000000      0.103989229     -0.452926725    
   1.13258815      0.600807786       5.00000000       3.47152259E-03   8.15534666E-02   5.00000000      0.124505408     -0.509480238    
   1.17055297      0.593453705       7.00000000       6.60683308E-03   1.44190155E-02   7.00000000      0.157476261     -0.521796048    
   1.19010425      0.568589628       4.00000000       3.89578426E-03   3.17237303E-02   4.00000000      0.174040899     -0.564596295    
   1.32774687      0.726815641       3.00000000       7.14198453E-03  0.115178190       3.00000000      0.283483416     -0.319082409    
   1.34158778      0.776040792       1.00000000       0.00000000       0.00000000       1.00000000      0.293853819     -0.253550202    
   1.54565132      0.923601091       1.00000000       0.00000000       0.00000000       1.00000000      0.435445398      -7.94750229E-02
