mig_abs_nearest, mig_abs_ot
 0.596,  0.734
 0.479,  0.553
 1.781,  1.901
 1.188,  1.474
 2.215,  2.898
 4.872,  7.449
 2.001,  2.247
 0.771,  0.937
 2.644,  2.740
 1.280,  1.378
 2.566,  2.656
 2.675,  2.730
 2.574,  2.782
 1.997,  2.007
 2.354,  2.542
 1.278,  1.444
 6.062,  6.169
 0.389,  0.466
 3.382,  4.254
 0.889,  1.001
 0.471,  0.686
 3.445,  3.807
15.532, 15.994
 1.988,  2.199
 4.226,  5.527
 2.872,  2.925
 2.144,  2.274
 2.350,  2.446
 2.393,  2.757
 0.826,  1.125
 1.672,  1.679
 0.885,  1.143
 1.037,  1.903
 1.761,  1.899
 2.722,  2.732
 2.440,  2.957
 3.162,  3.505
 1.234,  1.394
 1.341,  1.432
 1.612,  1.628
 3.621,  3.752
 1.039,  1.242
 1.814,  2.031
 0.869,  1.057
 1.122,  1.330
 1.653,  1.823
 1.025,  1.128
 2.639,  2.743
 1.009,  1.180
 1.177,  1.373
 1.067,  1.384
 3.463,  3.499
 0.868,  1.381
 0.709,  8.966
 4.539,  4.569
 1.733,  1.891
 0.633,  0.690
 4.119,  4.152
 1.694,  2.245
 3.157,  3.226
 5.295,  9.211
 1.487,  1.847
 0.980,  1.238
 0.859,  0.995
 1.556,  1.656
 0.805,  0.942
 2.424,  2.498
 0.724,  0.951
 1.885,  2.139
 0.690,  0.734
 3.270,  3.673
 4.504,  4.708
 3.832,  4.041
 1.018,  1.201
 0.962,  1.114
 1.577,  1.997
 1.096,  1.158
 1.585,  1.780
 3.210,  3.547
 1.109,  1.244
 1.481,  1.535
 2.232,  2.471
 0.725,  0.800
 3.558,  3.660
 3.077,  3.123
 0.889,  1.055
 1.124,  1.285
 1.523,  1.604
 2.275,  2.351
 0.757,  0.807
 0.845,  0.927
 1.658,  1.710
 0.810,  0.867
 0.593,  0.645
 1.892,  2.007
 1.313,  1.449
 1.159,  1.643
 2.298,  2.568
 2.382,  2.774
 1.153,  1.584
 0.643,  0.704
 1.030,  1.215
 1.546,  1.987
 3.764,  4.450
 2.371,  2.530
 2.393,  2.884
 2.448,  2.578
 0.788,  1.087
 2.610,  2.806
 2.017,  2.552
 0.795,  0.937
 1.685,  1.834
 1.902,  1.971
 1.915,  2.006
 1.354,  1.552
 6.691,  8.350
 1.340,  1.810
 3.463,  3.516
 1.056,  1.151
 6.668,  8.654
 0.571,  0.894
 2.321,  2.461
 1.449,  2.157
 1.776,  1.889
 1.839,  1.938
 1.722,  1.864
 2.978,  3.372
 0.835,  1.015
 2.223,  2.437
 2.757,  3.161
 1.250,  1.384
 6.076,  7.483
 1.862,  3.043
 0.701,  0.992
 7.508,  8.562
 3.512,  3.765
 1.236,  1.391
 2.994,  4.062
 4.519,  4.425
 1.427,  1.711
 1.680,  1.840
 1.723,  2.110
 6.698,  6.822
 1.578,  1.634
 0.883,  0.911
 1.789,  2.815
 3.226,  4.119
 0.540,  1.982
 0.804,  2.821
 4.533,  4.652
 0.989,  1.252
 3.068,  4.278
 4.856,  4.995
 6.572,  6.673
 4.569,  4.607
 3.764,  3.893
 1.520,  1.834
 1.238,  1.409
 1.900,  1.982
 0.643,  0.787
 1.176,  1.271
 0.899,  0.973
 2.353,  2.659
 6.528,  6.508
 4.571,  4.738
 1.395,  1.481
 2.922,  2.890
 2.622,  3.026
 0.998,  1.195
 1.624,  1.863
 1.634,  1.812
 2.205,  2.387
 2.940,  3.079
 2.143,  2.247
 1.954,  2.769
 0.624,  1.017
 1.931,  1.997
 1.767,  1.831
 1.511,  1.661
 1.519,  1.570
 1.289,  1.360
 0.941,  1.449
 2.435,  2.461
 1.366,  1.916
 1.166,  1.449
 1.606,  1.992
 3.024,  3.363
 0.870,  0.973
 2.906,  3.425
 1.076,  2.634
11.617, 13.559
 1.076,  1.105
 0.437,  0.586
 1.043,  1.094
 1.183,  2.086
 1.372,  1.613
 0.785,  0.952
 1.152,  1.227
 4.318,  4.905
 1.359,  1.418
 1.557,  1.702
 3.066,  3.313
 2.107,  2.244
 0.927,  1.134
 1.216,  1.269
 1.461,  1.657
 0.776,  0.898
 1.447,  1.747
 2.571,  2.731
 1.942,  2.027
 5.217,  5.159
 4.648,  4.895
 2.040,  2.737
12.223, 13.607
 1.314,  1.539
 7.705,  8.816
 1.601,  1.789
 2.241,  2.307
 1.364,  1.446
 0.638,  0.774
 0.997,  1.078
 4.052, 10.491
 2.528,  2.894
 2.048,  2.180
 2.025,  2.306
 1.691,  1.818
 2.323,  2.357
 1.516,  1.568
 2.377,  2.667
 0.773,  0.889
 5.269,  5.631
 0.836,  0.878
 1.910,  2.013
 1.183,  1.408
 2.687,  2.893
 2.855,  3.005
 3.875,  3.908
 1.860,  1.944
 1.756,  1.904
 1.141,  1.169
 2.693,  2.793
 2.155,  2.187
 0.999,  1.067
 2.015,  2.250
 0.793,  0.955
 1.825,  2.482
 1.676,  1.730
 2.889,  3.028
 0.819,  1.305
 1.546,  1.835
 1.346,  1.730
 2.949,  3.152
 3.307,  3.459
 5.163,  5.585
 2.670,  3.063
 4.628,  5.137
 2.247,  2.320
 1.983,  2.269
 1.994,  2.028
 1.990,  2.071
 2.146,  2.221
 0.871,  0.964
 1.115,  1.167
 0.944,  1.042
 1.552,  1.592
 1.560,  1.650
 1.040,  1.162
 1.166,  1.349
 1.256,  1.376
 2.373,  2.423
 3.748,  4.161
 0.969,  1.141
 1.615,  1.707
 2.130,  2.534
 3.386,  3.756
 1.546,  1.979
 3.068,  3.134
 1.601,  1.842
 3.121,  3.763
 2.102,  2.282
 0.946,  1.207
 1.397,  1.688
 1.877,  2.616
 1.037,  0.965
 1.592,  1.668
29.403, 41.798
 0.693,  0.874
 1.967,  2.128
 3.952,  3.999
 4.716,  4.994
 2.247,  2.367
 0.742,  0.815
 2.327,  2.630
 2.819,  2.931
 0.454,  0.526
 1.161,  1.208
 1.796,  2.099
 1.326,  1.370
 1.227,  1.299
 2.809,  2.948
 2.286,  2.341
 0.696,  0.949
 3.980,  4.056
 1.636,  1.928
 2.101,  2.120
 0.797,  1.092
 0.975,  1.024
 1.999,  2.084
 0.940,  1.333
 1.036,  1.266
 3.938,  4.108
 2.885,  3.895
 0.931,  1.070
 0.945,  0.985
 1.438,  1.551
 4.648,  5.093
 2.189,  2.351
 4.694,  4.815
 2.837,  3.795
 1.102,  1.385
 1.536,  2.006
 1.058,  1.347
 2.164,  2.277
 2.377,  2.864
 3.096,  3.142
 1.746,  2.040
 3.343,  3.467
 1.212,  1.448
 2.576,  2.628
 4.984,  5.182
 1.252,  1.507
 2.129,  2.500
 1.272,  1.498
 1.399,  1.418
 2.239,  2.591
 0.680,  0.806
 2.740,  4.702
 2.603,  3.782
 1.035,  1.227
 1.798,  2.122
 2.554,  2.594
 2.075,  2.184
 4.753,  4.926
 0.626,  0.680
 2.461,  2.544
 1.419,  1.542
 0.677,  0.759
 1.329,  1.362
 2.551,  2.846
 1.372,  1.420
 1.604,  1.716
 0.797,  0.888
 1.724,  1.777
 2.060,  2.271
 1.159,  1.458
 0.922,  0.991
 3.476,  3.548
 2.688,  2.832
 1.278,  1.487
 1.783,  1.967
 0.678,  0.843
 1.055,  1.281
 0.827,  1.052
 0.795,  0.942
 1.020,  1.088
 1.674,  1.770
 2.572,  2.723
 1.728,  1.718
 0.722,  0.832
 1.734,  2.027
 0.757,  0.880
 1.002,  1.129
 0.960,  1.024
 0.706,  0.803
 1.076,  1.183
 0.846,  1.055
 1.160,  1.195
 0.506,  0.662
 2.124,  2.293
 1.568,  1.773
 3.504,  3.686
 1.106,  1.313
 0.612,  0.720
 1.387,  1.507
 4.703,  4.997
 1.512,  1.738
 4.360,  4.547
 3.358,  4.487
 5.220,  5.561
 3.200,  4.636
 1.733,  2.241
 1.232,  1.389
 1.480,  1.657
 2.265,  2.383
 0.800,  1.013
 0.738,  0.857
 1.521,  1.603
 3.781,  4.281
 1.620,  1.742
 1.764,  1.850
 2.205,  2.626
 0.807,  0.909
 4.945,  5.297
 0.997,  1.139
 3.700,  3.788
 0.682,  0.797
 1.732,  2.334
 2.020,  2.190
 3.713,  3.777
 2.104,  2.374
 2.067,  2.320
 0.519,  0.576
 0.680,  0.879
 1.566,  1.812
 2.266,  2.331
 1.380,  1.699
 1.832,  1.899
 1.236,  1.588
 1.131,  1.387
 1.432,  1.509
 1.173,  1.211
 0.308,  0.838
 1.283,  1.433
 1.434,  1.583
 3.971,  4.043
 2.721,  2.812
 2.172,  3.888
 3.695,  3.613
 0.891,  1.047
 1.122,  1.442
 2.246,  2.112
 0.219,  0.231
 2.411,  2.438
 1.587,  1.792
 3.089,  3.255
 1.089,  1.260
 1.297,  1.668
 1.585,  1.771
 0.993,  1.066
 0.860,  1.327
 1.350,  1.380
 0.607,  0.881
 1.927,  2.103
 2.054,  2.514
 1.688,  1.849
 2.162,  2.953
 1.253,  1.383
 3.426,  3.588
 0.914,  1.139
 3.659,  3.900
 1.795,  1.964
 0.584,  0.883
 1.383,  1.489
 2.941,  3.199
 0.873,  1.013
 1.935,  2.508
 1.265,  1.330
 3.730,  3.720
 1.950,  2.078
 2.398,  2.465
 1.524,  1.548
 2.399,  2.474
 4.130,  4.273
 2.036,  2.281
 0.915,  1.204
 1.262,  1.352
 3.187,  3.360
 2.928,  4.111
 3.267,  3.359
 1.783,  1.908
 0.672,  1.088
 0.955,  1.036
 2.927,  2.996
 1.743,  1.897
 3.484,  5.164
 1.993,  2.330
 3.448,  3.601
 2.099,  2.981
 2.080,  2.228
 2.645,  2.827
 1.218,  1.492
 1.215,  1.449
 1.669,  1.699
 0.618,  0.709
 1.485,  1.642
 2.358,  2.761
 2.829,  3.190
 1.972,  2.111
 3.140,  5.426
 0.666,  0.998
 2.355,  2.210
 3.372,  3.627
 0.917,  1.137
 3.117,  3.960
 3.392,  3.430
 1.425,  1.609
 2.799,  3.260
 1.921,  1.965
 1.198,  1.333
 6.723,  8.770
 0.963,  1.054
 3.558,  9.423
 0.996,  1.072
 1.341,  1.714
 0.966,  1.146
 1.292,  1.334
 5.006,  5.181
 1.401,  1.514
 0.990,  1.068
 1.280,  1.446
 1.665,  1.766
 2.950,  2.950
 0.614,  0.710
 1.420,  4.220
 1.703,  2.209
 2.946,  3.079
 1.786,  1.897
 0.986,  1.087
 2.796,  2.993
 1.135,  1.485
 1.770,  1.994
 1.439,  1.800
 1.451,  1.498
 1.559,  1.640
 2.327,  2.382
 1.489,  1.509
 2.722,  2.749
 1.422,  1.518
 1.766,  1.998
 1.959,  2.242
 1.732,  2.130
 2.363,  2.384
 3.388,  3.394
 1.960,  2.043
 1.565,  1.783
 0.707,  0.839
 3.084,  3.638
 1.715,  2.504
 0.456,  0.548
 1.733,  1.839
 3.779,  3.820
 5.020,  4.815
 0.906,  1.961
 7.626,  7.679
 2.145,  2.341
 1.032,  1.237
 1.584,  1.719
 2.023,  2.075
 2.729,  3.176
 1.882,  2.163
 2.229,  2.611
 0.456,  1.306
 1.402,  1.732
 3.116,  3.442
 1.150,  1.503
 0.632,  0.738
 1.747,  2.060
 0.575,  0.740
 1.202,  1.484
 0.656,  0.918
 1.561,  1.724
 0.666,  0.732
 0.775,  1.351
 1.028,  1.409
 0.424,  0.490
 2.084,  2.240
 1.052,  1.394
 1.963,  2.081
 1.793,  1.863
 1.441,  1.507
 1.106,  1.337
 0.520,  0.540
 2.092,  3.288
 0.764,  0.927
 1.499,  1.475
 1.880,  1.989
 1.038,  1.076
 0.841,  0.991
 1.288,  1.625
 0.903,  1.014
 1.203,  1.286
 0.950,  1.029
 0.988,  1.180
 0.527,  0.571
 0.677,  0.728
 1.159,  1.231
 0.955,  1.054
 1.077,  1.115
 0.945,  1.161
 0.916,  1.056
 1.121,  1.370
 0.886,  0.949
 2.138,  3.036
 0.855,  0.950
 0.773,  0.997
 1.067,  1.190
 0.870,  1.105
 0.862,  0.927
 0.807,  0.893
 0.481,  0.613
 2.622,  3.086
 0.777,  0.896
 0.832,  0.956
 1.272,  1.448
 1.185,  1.338
 0.495,  0.534
 0.702,  0.779
 2.673,  2.996
 1.363,  1.535
 1.151,  1.359
 0.806,  1.415
 1.732,  1.841
 1.562,  1.751
 0.695,  0.792
 1.105,  1.183
 0.875,  0.953
 2.637,  2.945
 3.768,  4.300
 2.704,  2.736
 3.713,  3.712
 3.117,  3.152
 1.795,  1.947
 3.401,  3.555
 3.139,  3.264
 1.438,  1.799
 1.408,  1.497
 1.418,  1.829
 4.377,  4.829
 1.435,  1.522
 2.288,  2.436
 1.073,  1.520
 2.354,  2.809
 1.499,  1.716
 1.575,  1.670
 1.456,  1.591
 5.181,  5.268
 2.982,  3.242
 1.846,  2.035
 2.092,  2.173
 6.111,  6.576
 2.314,  2.189
 2.056,  2.171
 2.967,  3.188
 0.604,  0.756
 1.447,  1.524
 4.581,  5.067
 2.145,  2.186
 3.125,  3.305
 3.870,  4.131
 2.849,  2.950
 0.898,  0.976
 1.249,  1.409
 1.480,  1.835
 1.400,  1.496
 1.643,  1.763
 1.272,  1.460
 1.729,  1.942
 2.642,  2.649
 1.261,  1.314
 1.297,  1.335
 2.501,  2.572
 1.487,  1.588
 2.830,  3.087
 1.119,  1.393
 3.116,  3.485
 3.527,  3.546
 1.007,  1.064
 1.075,  1.114
 1.164,  1.244
 1.187,  1.238
 4.925,  5.033
 1.295,  1.323
 1.787,  1.847
 2.594,  2.690
 2.876,  3.173
 2.381,  2.507
 1.230,  1.343
 0.944,  1.194
 5.592,  5.758
 2.425,  2.449
 0.993,  1.266
 2.188,  2.389
 2.842,  2.908
 2.927,  3.268
 1.805,  1.777
 0.910,  1.293
 2.241,  2.347
 2.051,  2.180
 0.494,  1.286
 1.300,  1.572
 0.613,  0.924
 1.002,  1.220
 1.067,  1.193
 1.188,  3.051
 0.803,  0.937
 1.047,  1.276
 0.617,  0.654
 1.029,  1.086
 1.105,  1.275
 1.774,  1.931
 0.331,  0.649
 0.925,  1.036
 1.784,  1.891
 1.802,  1.919
 1.111,  0.987
 0.427,  0.473
 1.895,  2.030
 0.942,  1.046
 2.492,  2.514
 1.572,  1.689
 2.297,  2.376
 3.407,  3.497
 2.451,  2.818
 1.394,  1.430
 1.919,  1.953
 0.792,  0.939
 1.142,  1.318
 1.354,  1.608
 2.585,  3.946
 2.514,  2.611
 1.451,  1.585
 1.358,  1.493
 2.062,  2.193
 2.311,  2.388
 0.971,  1.227
 2.544,  2.911
 0.496,  1.023
 0.970,  1.184
 2.908,  2.876
 1.008,  1.195
 1.385,  1.531
 1.088,  1.211
 0.561,  0.690
 3.092,  3.312
 0.894,  1.062
 1.973,  2.075
 0.954,  1.019
 3.679,  3.899
 4.569,  5.146
 2.216,  2.622
 1.841,  2.417
 2.932,  4.019
 1.276,  1.510
 2.377,  2.638
 3.400,  3.297
 3.504,  3.503
 2.266,  2.245
 1.768,  2.067
 0.879,  1.009
 0.770,  0.837
 1.529,  1.632
 2.411,  2.524
 1.776,  2.246
 1.270,  1.491
 4.180,  4.181
 2.020,  2.642
 1.900,  1.951
 1.922,  2.457
 0.855,  0.903
 1.468,  1.510
 1.371,  1.441
 1.402,  1.469
 3.398,  3.354
 1.544,  2.351
 0.411,  1.294
 0.831,  0.804
 0.934,  1.107
 1.516,  1.913
 1.664,  1.836
 1.737,  1.771
 4.226,  4.387
 1.266,  1.428
 2.211,  2.981
 1.645,  1.797
 2.303,  2.418
 0.792,  1.806
 2.104,  2.160
 1.543,  1.681
 1.482,  1.614
 1.442,  1.509
 2.828,  2.820
 1.815,  1.933
 3.761,  3.926
 2.591,  2.746
 2.018,  2.038
 2.322,  2.124
 1.256,  1.309
 1.935,  2.116
 0.953,  1.025
 1.660,  1.709
 0.637,  0.737
 1.648,  1.709
 0.732,  0.799
 0.740,  1.009
 1.631,  1.703
 0.897,  1.005
 0.574,  0.629
 0.554,  0.633
 2.370,  2.977
 1.000,  1.074
 1.442,  1.472
 1.426,  1.924
 0.970,  1.098
 1.240,  1.563
 1.549,  1.646
 1.202,  1.278
 2.166,  2.361
 0.886,  1.018
 1.162,  1.565
 7.039,  7.054
 0.800,  1.313
 0.686,  0.850
 3.850,  3.878
 0.906,  1.352
 2.233,  2.443
 1.786,  2.162
 2.527,  2.787
 2.922,  2.942
 4.575,  4.599
 1.335,  1.623
 1.278,  1.553
 2.751,  2.882
 3.309,  3.552
 2.383,  2.696
 2.229,  2.419
 3.049,  3.203
 1.588,  1.684
 0.536,  0.635
 3.130,  3.251
 2.203,  2.613
 1.132,  1.239
 0.526,  0.766
 2.217,  2.452
 0.602,  0.797
 1.485,  1.585
 2.483,  2.515
 1.283,  1.589
 3.943,  4.305
 3.801,  3.765
 2.853,  2.942
 3.438,  3.482
 3.884,  3.987
 2.178,  2.382
 4.066,  4.395
 2.410,  3.154
 1.446,  1.713
 2.472,  3.045
 1.679,  1.784
 2.378,  2.597
 6.328,  6.404
 2.477,  2.800
 1.713,  1.784
 0.835,  0.859
 1.915,  2.020
 0.324,  0.324
 3.659,  3.844
 2.233,  2.347
 1.198,  1.678
 1.347,  1.728
 1.689,  2.185
 3.138,  7.574
 3.170,  3.389
 3.232,  7.765
 2.014,  3.183
 1.943,  2.162
 2.880,  3.053
 2.688,  2.684
 1.128,  1.237
 3.744,  4.028
 2.761,  2.795
 2.035,  2.137
 2.222,  2.234
 0.844,  0.974
 2.951,  3.062
 1.195,  1.291
 1.424,  1.560
 1.407,  1.560
 1.910,  2.213
 3.441,  3.736
 2.314,  2.524
 0.684,  1.147
 1.314,  1.632
 1.337,  1.686
 3.582,  3.691
 1.984,  2.120
 1.962,  2.147
 1.849,  1.898
 2.316,  2.411
 1.062,  1.174
 1.268,  1.395
 1.525,  1.599
 2.483,  2.622
 1.854,  2.372
 0.525,  0.793
 1.131,  1.293
 0.680,  0.814
 1.838,  1.941
 1.030,  1.104
 1.249,  1.374
 2.665,  2.845
 2.949,  3.063
 0.617,  0.686
 1.073,  1.183
 1.106,  1.283
 1.326,  1.540
 0.994,  1.204
 2.118,  2.240
 4.989,  5.352
 1.353,  1.523
 1.011,  1.260
 0.946,  1.165
 3.844,  3.895
 4.242,  4.312
 1.110,  1.326
 1.206,  1.382
 3.606,  3.883
 0.772,  0.995
 1.880,  2.015
 3.881,  3.906
 0.790,  0.968
 1.404,  1.602
 1.199,  1.262
 0.973,  0.962
 2.159,  2.351
 3.260,  3.301
 1.347,  1.486
 1.194,  1.271
 2.807,  4.281
 0.621,  0.839
 0.693,  0.762
 1.136,  1.210
 1.283,  1.518
 1.015,  1.076
 0.640,  0.723
 1.216,  1.308
 1.472,  1.579
 1.100,  1.581
 3.158,  3.358
 2.150,  2.365
 2.217,  2.291
 1.862,  1.983
 1.520,  1.710
 0.615,  0.682
 0.851,  1.045
 1.466,  1.838
 1.736,  1.838
 1.298,  1.382
 1.335,  1.413
 1.184,  1.261
 1.340,  1.385
 3.012,  3.354
 2.328,  2.404
 1.824,  1.891
 1.918,  2.023
 2.241,  2.496
 1.259,  1.391
 1.787,  1.898
 1.773,  4.853
 0.982,  1.242
 2.279,  2.842
 0.913,  1.016
 1.057,  1.225
 1.353,  1.536
 0.601,  1.366
 2.383,  2.508
 2.254,  2.202
 0.919,  1.022
 2.521,  2.698
 1.019,  1.128
 1.183,  1.239
 1.023,  1.182
 1.157,  1.235
 0.975,  1.124
 1.670,  1.961
 0.636,  0.867
 1.610,  1.673
 2.176,  2.274
 3.875,  4.775
 4.180,  4.212
 5.013,  5.044
 0.974,  1.110
 1.234,  1.431
 1.132,  1.314
 5.683,  6.319
 3.321,  4.296
 6.334,  6.757
 9.491,  9.520
 2.309,  2.592
 1.495,  1.640
 0.905,  0.994
 1.817,  1.958
 8.888,  9.317
 1.467,  1.590
 1.177,  1.295
 2.650,  3.206
 1.785,  1.910
 1.287,  1.443
 1.196,  1.465
 1.213,  1.374
 0.604,  0.843
 2.351,  2.596
 1.137,  1.367
 3.513,  3.573
 1.589,  1.745
 1.713,  1.763
 2.730,  2.988
 1.497,  1.604
 0.719,  0.847
 2.036,  2.137
 0.884,  1.013
 2.546,  2.898
 1.419,  1.498
 3.287,  3.294
 1.306,  2.447
 2.867,  3.023
 1.682,  2.060
 3.011,  3.192
 1.129,  1.246
 1.585,  1.627
 0.975,  1.127
 0.418,  0.667
 1.259,  1.432
 1.212,  1.282
 1.386,  1.411
 0.818,  1.256
 0.512,  0.601
 2.248,  2.350
 1.399,  1.427
 1.017,  1.067
 1.752,  2.087
 0.986,  1.111
 1.374,  1.468
 2.048,  2.122
 1.010,  1.518
 2.901,  3.405
 2.490,  2.570
 0.951,  1.180
 1.120,  1.419
 1.677,  2.108
 2.090,  2.255
 2.010,  2.081
 1.578,  1.724
 1.606,  1.719
 4.473,  5.020
 1.404,  1.816
 1.629,  1.913
 1.229,  1.878
 4.873,  5.238
 4.607,  4.786
 2.170,  2.652
 1.840,  1.961
 2.122,  2.756
 0.892,  1.198
 2.220,  2.460
 4.272,  4.184
 4.886,  4.893
 1.889,  2.043
 9.710,  9.598
 3.390,  3.612
 2.895,  3.169
 0.522,  0.573
 0.377,  0.455
 2.518,  2.539
 2.089,  2.179
 2.142,  2.829
 1.060,  1.186
 1.142,  1.472
 2.923,  2.986
 2.177,  2.535
 1.001,  1.182
 0.518,  0.846
 1.638,  1.693
 0.661,  0.731
 1.243,  1.371
 1.776,  1.932
 1.546,  1.591
 3.264,  3.313
 2.876,  3.078
 5.238,  5.410
 0.856,  0.896
 2.200,  2.349
 0.841,  0.891
 1.548,  1.891
 2.840,  3.394
 0.934,  1.104
 0.922,  1.031
 1.388,  1.804
 2.381,  2.590
 4.186,  4.438
 2.123,  2.137
 1.303,  1.480
 0.415,  0.711
 1.485,  1.797
 1.978,  2.222
 0.966,  1.436
 2.947,  3.111
 1.264,  1.400
 0.409,  1.079
 1.927,  2.239
 3.433,  3.825
 2.355,  2.479
 1.291,  1.537
 2.063,  2.139
 3.739,  4.127
 2.614,  3.079
 1.009,  1.185
 1.101,  1.356
 2.644,  2.824
 1.592,  1.686
 1.334,  1.562
 2.071,  2.195
 1.346,  1.563
 1.026,  1.104
 1.029,  1.422
 1.757,  1.885
 1.949,  2.118
 2.998,  3.159
 1.613,  2.112
 2.312,  2.360
 4.907,  5.198
 2.873,  3.118
 6.729, 10.676
 1.497,  1.542
 1.977,  2.254
 1.891,  2.006
 2.074,  2.188
 3.359,  3.743
 3.483,  3.919
 2.095,  2.351
 2.505,  2.787
 3.079,  3.439
 2.719,  2.868
 4.758,  4.898
 2.167,  2.240
 0.658,  0.829
 1.559,  1.835
 0.904,  1.022
 1.027,  1.118
 2.559,  2.683
 1.467,  1.580
 1.093,  1.138
 3.178,  3.245
 1.417,  1.497
 1.936,  2.046
 1.126,  1.223
 2.979,  2.983
 1.388,  1.746
 1.836,  2.111
 2.063,  2.469
 2.253,  3.200
 2.256,  2.578
 1.613,  2.005
 1.467,  1.679
 1.467,  1.673
 2.062,  2.180
 1.484,  1.714
 1.104,  1.297
 0.748,  0.917
 1.297,  1.452
 3.548,  3.578
 1.622,  3.107
 1.780,  2.030
 1.762,  2.283
 1.008,  1.208
 5.174,  5.360
 1.635,  1.738
 1.142,  1.338
 1.580,  1.853
 1.210,  1.282
 1.570,  1.776
 2.208,  2.424
 5.647,  5.725
 4.208,  4.723
 3.503,  3.688
 2.347,  2.699
 2.380,  2.763
 3.598,  4.359
 2.042,  2.180
 1.021,  1.131
 2.201,  2.375
 0.750,  0.973
 2.963,  3.254
 5.245,  6.030
 4.976,  4.708
 2.201,  2.320
 1.073,  1.241
 1.286,  1.423
 0.856,  0.969
 1.866,  2.156
 1.911,  2.213
 2.693,  3.156
 1.164,  1.352
 1.564,  1.542
 1.586,  1.737
 2.687,  2.857
 2.733,  2.971
 1.899,  2.095
 2.711,  2.896
 1.570,  1.838
 1.164,  1.427
 6.462,  6.699
 3.784,  3.995
 1.089,  1.240
 3.497,  6.091
 3.254,  4.744
 1.294,  2.463
 1.743,  2.186
 3.780,  3.797
 0.947,  1.179
 1.979,  2.085
 0.708,  1.164
 3.522,  4.615
 6.130,  6.799
15.315, 18.947
 2.596,  3.386
 0.852,  1.184
11.125, 14.613
 2.464,  2.885
 1.336,  1.435
 2.327,  2.386
 1.542,  1.732
 1.153,  1.190
 0.885,  0.964
 0.792,  0.896
 0.609,  0.728
 0.870,  0.989
 0.838,  0.885
 0.772,  0.876
 0.890,  1.927
 0.490,  0.557
 1.951,  2.523
 4.198,  4.247
 2.402,  2.903
 2.103,  2.289
20.117, 20.928
 0.868,  1.257
 2.874,  3.106
 1.723,  1.868
 1.002,  1.121
 1.474,  1.693
 1.405,  1.832
 2.274,  2.854
 1.902,  1.954
 1.481,  1.636
 0.650,  0.683
 0.950,  1.062
 2.458,  2.538
 2.611,  2.755
 1.802,  1.835
 1.258,  1.633
 1.938,  2.058
 2.202,  2.369
 2.042,  2.449
 2.118,  2.155
 0.645,  0.854
 2.689,  3.594
 1.293,  1.372
 0.818,  1.067
 0.642,  0.715
 0.681,  0.827
 1.386,  1.492
 2.482,  2.569
 1.818,  2.597
 1.185,  1.368
 1.444,  1.879
 2.519,  2.909
 1.831,  2.940
 7.987,  8.009
 0.999,  1.506
 4.629,  4.912
 1.165,  1.206
 0.889,  1.036
 1.389,  1.620
 2.289,  2.351
 1.625,  1.947
 2.564,  2.551
 0.500,  1.337
 1.516,  1.573
 1.332,  1.869
 1.064,  1.206
 2.036,  2.035
 1.558,  1.675
 1.364,  1.342
 0.827,  1.032
 1.736,  1.833
 0.886,  0.967
 1.241,  1.570
 0.737,  1.399
 1.766,  1.796
 0.656,  0.725
 1.265,  1.312
 0.697,  0.890
 0.957,  1.378
 0.788,  1.118
 0.709,  0.846
 1.067,  1.129
 0.721,  0.964
 1.267,  1.491
 1.313,  1.494
 4.901,  5.455
 1.845,  2.073
 1.166,  1.195
 2.186,  2.300
 3.194,  3.660
 1.096,  1.322
 0.920,  1.125
 2.037,  2.089
 1.385,  1.599
 2.172,  2.698
 3.144,  3.338
 0.887,  1.119
 0.584,  0.642
 1.833,  2.034
 0.802,  0.900
 0.929,  1.012
 1.734,  1.788
 1.525,  1.569
 1.604,  1.693
 2.113,  2.299
 1.900,  2.258
 2.725,  2.901
 1.813,  1.876
 3.361,  3.388
 0.936,  1.062
 0.979,  1.116
 1.276,  1.485
 0.743,  0.786
 0.585,  1.306
 1.453,  1.761
 4.128,  4.302
 2.341,  2.809
 2.348,  2.572
 2.853,  6.542
 3.132,  6.472
 1.200,  1.254
 3.803,  4.337
 1.349,  1.436
 1.904,  2.281
 1.193,  1.321
 0.937,  1.010
 1.873,  1.943
 1.486,  1.624
 0.897,  1.022
 1.191,  1.216
 1.594,  1.674
 0.775,  1.239
 1.463,  1.871
 1.157,  1.684
 3.529,  3.650
 2.808,  2.855
 1.161,  1.244
 3.868,  9.174
 2.932,  4.942
 1.111,  1.301
12.572, 12.915
21.092, 23.348
 5.378,  8.560
 5.950,  9.504
 1.095,  1.209
 1.267,  1.330
 2.066,  2.172
 1.589,  1.690
 1.236,  1.313
 0.682,  0.762
 1.777,  1.950
 1.639,  1.926
 1.780,  1.921
 0.784,  1.292
 1.358,  1.401
 1.993,  2.076
 2.114,  2.762
 1.144,  1.180
 1.826,  1.916
 5.552,  5.714
 0.982,  1.102
 2.017,  2.095
 1.479,  1.614
 1.710,  1.774
 1.277,  1.356
 1.011,  1.080
 1.698,  1.767
 1.684,  1.745
 0.787,  0.965
 1.476,  1.495
 2.298,  2.936
 1.137,  1.209
 1.569,  1.681
 0.812,  0.849
 1.549,  1.629
 1.690,  1.751
 1.220,  1.338
 0.980,  1.027
 1.006,  1.096
 2.057,  2.093
 0.955,  1.026
 1.132,  1.213
 0.776,  0.821
 2.156,  2.257
 1.188,  1.347
 0.895,  1.074
 2.690,  2.745
 0.767,  0.834
 0.549,  0.563
 0.712,  0.759
 1.101,  1.150
 1.076,  1.157
 1.543,  1.652
 1.870,  2.011
 1.988,  2.354
 1.578,  1.646
 0.656,  1.018
 1.732,  2.264
 3.847,  4.116
 2.644,  2.749
 2.893,  3.230
 0.801,  0.877
 1.719,  1.790
 1.514,  1.639
 1.746,  1.825
 2.656,  2.700
 2.564,  2.643
 0.909,  1.248
 1.208,  1.252
 1.060,  1.146
 1.733,  1.795
 2.864,  3.060
 1.616,  1.844
 2.445,  2.600
 1.273,  1.397
 1.568,  2.200
 3.368,  3.742
 1.296,  1.348
 0.676,  0.813
 2.476,  2.493
 2.040,  2.234
 1.095,  1.211
 1.474,  1.579
 0.839,  0.907
 1.543,  1.610
 1.192,  1.285
 1.470,  1.692
 1.014,  1.244
 0.927,  0.986
 1.035,  1.355
 1.594,  1.694
 8.615, 10.742
 2.148,  2.311
 1.250,  1.309
 1.706,  1.760
 6.342,  6.486
 0.918,  0.999
 1.840,  1.997
 0.983,  1.174
 2.142,  2.300
 2.211,  2.375
 1.554,  1.793
 1.802,  1.882
 0.989,  1.112
 4.029,  4.172
 3.459,  3.525
 1.740,  1.925
 2.122,  2.198
 0.991,  1.277
 2.723,  2.739
 5.982,  6.632
 2.698,  2.841
 1.215,  1.344
 1.871,  2.000
 1.059,  1.193
 2.411,  2.574
 3.874,  3.922
 1.573,  1.574
 0.990,  1.131
 1.316,  1.907
 0.805,  0.956
 1.208,  1.310
 1.435,  1.504
 0.993,  1.151
 1.529,  1.636
 3.525,  3.752
 1.491,  2.140
 0.855,  0.898
 0.547,  0.796
 1.537,  1.973
 1.011,  1.353
 1.572,  1.595
 0.522,  0.575
 0.398,  0.427
 0.891,  1.010
 1.381,  1.418
 0.808,  0.955
 1.320,  1.639
 1.955,  2.059
 1.243,  1.412
 2.187,  2.208
 1.958,  2.342
 1.552,  1.588
 1.781,  2.188
 2.689,  3.003
 2.055,  2.286
 0.660,  0.768
 0.819,  0.939
 0.782,  0.906
 0.949,  1.021
 2.198,  2.226
 1.771,  1.907
 1.055,  1.162
 1.806,  1.951
 1.569,  1.611
 2.026,  2.216
 2.261,  2.329
 3.864,  3.978
 2.082,  2.182
 1.677,  1.807
 3.342,  4.296
 1.186,  1.251
 1.877,  2.643
 1.915,  2.108
 5.283,  5.594
 9.258,  9.376
 1.095,  1.305
 1.426,  1.482
 1.256,  1.436
 3.663,  4.078
 2.352,  2.490
 1.063,  1.364
 3.008,  3.038
 1.979,  2.058
 1.624,  2.172
 1.883,  1.938
 1.759,  1.787
 2.824,  3.143
 1.696,  2.387
 0.641,  0.845
 2.223,  2.530
 2.841,  2.879
 3.013,  3.200
 0.513,  0.719
 0.391,  0.475
 0.807,  0.894
 3.563,  3.637
 0.738,  0.836
 0.490,  0.516
 0.773,  0.909
 0.461,  0.948
 4.744,  8.636
 1.819,  2.183
 1.542,  1.811
 0.891,  1.340
 0.875,  0.942
 2.624,  2.794
 1.937,  2.060
 1.233,  1.411
 3.176,  3.182
 3.993,  4.116
 2.851,  3.183
 1.595,  2.179
 0.938,  1.129
 3.016,  3.047
 1.645,  1.943
 1.768,  1.901
 0.983,  1.244
 0.642,  1.295
 1.849,  2.069
 2.221,  2.475
 0.834,  0.840
 2.567,  2.584
 1.881,  2.004
 0.792,  0.886
 1.554,  2.024
 0.624,  0.705
 0.672,  0.744
 0.804,  0.903
 1.730,  1.778
 1.050,  1.201
 1.043,  1.247
 0.875,  0.912
 0.429,  0.558
 1.078,  1.250
 1.796,  2.122
 3.058,  2.929
 3.195,  3.615
 1.257,  1.428
 4.366,  4.873
 1.857,  2.193
 1.409,  1.487
 0.830,  0.905
 1.352,  1.512
 1.121,  1.200
 1.816,  1.928
 4.026,  4.116
 1.148,  1.270
 1.342,  1.508
 3.323,  3.596
 1.630,  1.781
 1.013,  1.147
 1.074,  1.130
 2.382,  2.826
 3.932,  4.080
 3.841,  4.045
 1.225,  1.382
 1.819,  2.203
 7.004,  6.943
 4.010,  4.817
 1.419,  1.537
 1.648,  2.147
 0.986,  1.154
 1.348,  1.687
 0.914,  0.994
 1.554,  1.595
 5.656,  6.047
 2.130,  2.377
 2.505,  2.643
 1.908,  1.960
 2.258,  2.248
 1.017,  1.243
 1.549,  1.560
 1.337,  1.429
 2.734,  2.764
 3.772,  7.681
 4.785, 12.593
 0.979,  1.171
 2.724,  2.689
 3.021,  3.179
 0.843,  0.945
 1.334,  1.423
 0.838,  0.944
 1.983,  2.108
 2.476,  2.664
 2.481,  2.745
 8.182,  8.772
 3.460,  3.797
 2.023,  2.399
 2.687,  3.020
 1.721,  2.611
 0.933,  1.346
 2.116,  2.243
 7.023,  7.084
 2.418,  2.505
 1.971,  2.037
 2.518,  2.718
 4.783,  4.793
 2.000,  2.209
 1.595,  1.776
 1.109,  1.542
 0.990,  1.257
 2.316,  2.985
 4.346,  4.284
 2.531,  2.376
 1.661,  1.773
 0.922,  1.114
 0.955,  1.001
 0.811,  0.905
 1.043,  1.150
 2.106,  2.206
 1.302,  1.597
 4.920,  4.967
 6.025,  5.953
 4.220,  4.433
 4.677,  5.035
 0.866,  1.368
 3.030,  3.683
 4.940,  5.506
 5.418,  5.507
 1.402,  1.836
 1.143,  1.315
 3.931,  3.829
 0.629,  0.718
 0.900,  1.030
 0.489,  0.551
 1.998,  2.049
 0.839,  0.937
 1.339,  1.914
 1.679,  2.154
 0.778,  0.860
 1.425,  1.599
10.064, 10.997
 2.156,  2.255
 1.164,  1.249
 2.237,  2.281
 1.356,  1.534
 3.080,  3.238
 1.293,  1.578
 0.693,  0.728
 0.482,  0.759
 1.380,  1.595
 1.008,  1.317
 1.062,  1.137
 0.977,  1.191
 2.911,  3.020
 6.878,  6.876
 2.034,  2.195
 3.706,  4.107
 2.979,  3.400
 1.437,  1.687
 3.484,  3.801
 5.469,  5.515
 1.386,  1.627
 4.130,  4.115
 5.801,  6.208
 2.975,  3.025
 0.940,  1.084
 1.264,  1.345
 4.211,  4.765
 0.687,  0.833
 0.647,  1.301
 1.645,  1.756
 2.134,  2.177
 2.738,  2.785
 1.332,  1.617
 2.459,  2.520
 2.337,  2.396
 0.996,  1.121
 0.791,  1.007
 3.911,  3.890
 2.596,  3.052
 3.167,  3.361
 2.467,  2.674
 1.799,  3.686
 3.647,  4.130
 4.323,  4.404
 0.961,  1.307
 1.416,  1.577
 3.154,  3.140
 2.353,  2.435
 0.722,  0.957
 1.844,  2.249
 1.871,  2.043
 2.012,  2.157
 2.063,  2.257
 1.360,  1.570
 3.104,  3.155
 4.257,  4.617
 0.947,  1.106
 1.273,  1.325
 3.359,  3.466
 1.329,  1.324
 1.129,  1.279
 2.433,  2.426
 2.619,  2.642
 3.149,  3.226
 2.550,  2.738
 1.342,  2.101
 1.849,  2.051
 1.508,  1.651
 1.489,  1.748
 1.975,  2.335
 1.435,  1.571
 0.760,  0.950
 2.589,  2.633
 1.406,  1.592
 1.383,  1.782
 0.739,  0.783
 1.250,  1.431
 1.524,  1.636
 2.718,  3.227
 1.235,  1.467
 0.860,  1.173
 3.043,  3.076
 2.479,  2.479
 0.566,  0.669
 2.129,  4.387
 1.155,  1.418
 3.643,  3.759
 1.717,  1.989
 3.153,  3.297
 3.144,  3.407
 1.496,  1.588
 1.236,  1.521
 1.747,  2.496
 2.221,  2.240
 0.975,  1.276
 1.727,  2.288
 0.995,  1.152
 0.838,  0.998
 1.191,  1.508
 0.833,  0.911
 1.876,  1.899
 3.022,  5.180
 0.596,  1.199
 0.893,  1.129
 1.827,  2.511
 2.875,  3.134
 3.828,  5.177
 3.430,  3.386
 1.037,  1.217
 4.590,  4.977
 2.256,  2.311
 2.555,  2.828
 1.842,  1.895
 0.701,  1.183
 1.541,  1.576
 1.505,  1.605
 2.352,  2.431
 1.291,  1.514
 1.378,  1.734
 0.788,  0.843
 0.803,  0.861
 1.157,  1.175
 1.087,  1.118
 0.756,  0.864
 1.033,  1.166
 2.634,  3.287
 1.750,  1.796
 0.551,  0.594
 1.188,  1.609
 0.640,  0.725
 3.587,  4.674
 2.369,  2.453
 4.941,  5.535
 0.791,  0.841
 0.954,  1.167
 1.677,  5.273
 3.066,  3.168
 1.882,  1.753
 1.080,  1.176
 0.876,  1.019
 2.999,  3.147
 1.419,  1.617
 0.983,  1.176
 2.284,  2.489
 2.674,  3.400
 1.555,  1.710
 3.016,  3.139
 2.047,  2.237
 2.865,  3.019
 1.330,  1.411
 1.767,  1.907
 2.341,  2.558
 4.567,  4.695
 5.076,  5.238
 3.263,  3.260
 1.384,  1.544
 1.611,  1.713
 1.881,  2.852
 1.884,  1.978
 0.914,  1.254
 0.955,  1.157
 1.758,  1.886
 2.829,  3.006
 4.005,  7.064
 2.659,  2.831
 4.499,  4.568
 3.280,  3.349
 0.639,  1.450
 4.709,  5.131
 5.231,  5.362
 3.793,  3.782
 2.644,  2.685
 7.761,  7.832
 3.397,  3.660
 3.890,  3.916
 7.280,  7.100
 1.839,  2.246
 2.499,  2.731
 2.391,  2.421
 3.364,  3.828
 0.851,  1.036
 0.937,  1.145
 0.918,  1.010
 1.285,  1.332
 3.574,  5.171
 0.823,  0.894
 2.072,  2.370
 3.134,  3.334
 2.464,  2.562
 2.959,  3.252
 1.437,  1.764
 2.649,  2.969
 1.758,  2.010
 1.745,  1.867
 0.728,  0.867
 1.534,  1.575
 3.020,  4.766
 1.135,  3.532
 1.519,  1.909
 1.591,  1.703
 1.914,  2.007
 0.998,  1.021
 2.072,  2.164
 0.859,  0.984
 3.378,  3.433
 1.718,  2.106
 4.939,  5.201
 2.341,  3.157
 0.796,  0.944
 1.466,  1.566
 1.578,  1.847
 1.252,  1.378
 1.143,  1.255
 0.908,  1.174
 0.813,  0.975
 0.684,  1.147
 1.896,  2.042
 2.455,  2.557
 0.694,  0.795
 3.049,  3.235
 1.909,  2.305
 0.740,  0.917
 1.411,  1.488
 0.932,  1.130
 1.860,  1.967
 2.127,  2.342
 3.218,  3.476
 0.812,  0.839
 0.910,  1.338
 3.489,  4.414
 1.601,  1.752
 4.524,  5.105
 2.929,  7.966
 0.902,  1.168
 1.436,  1.594
 2.449,  2.527
 1.888,  1.963
 2.404,  2.544
 1.857,  2.226
 2.950,  2.907
 1.373,  1.479
 0.764,  0.998
 1.477,  1.955
 1.975,  2.119
 1.740,  1.847
 1.604,  1.754
 0.587,  0.673
 0.915,  0.990
 3.947,  4.214
 3.191,  3.263
 5.033,  5.508
 2.043,  2.097
 1.337,  2.196
 2.757,  3.012
 1.082,  1.118
 1.841,  2.051
 3.269,  3.413
 2.937,  3.075
 1.019,  1.211
 1.392,  1.581
 1.290,  1.367
 1.460,  1.395
 1.466,  2.348
 1.743,  1.746
 0.441,  0.537
 1.865,  1.958
 1.461,  1.762
 2.274,  2.037
 2.633,  2.969
 1.454,  1.549
 1.604,  1.614
 2.323,  2.392
 2.184,  2.373
 0.985,  5.165
 2.514,  2.527
 1.842,  1.975
 0.544,  0.675
 2.764,  2.890
 1.086,  1.149
 1.197,  1.303
 1.401,  1.594
 1.696,  1.775
 1.870,  1.975
 1.152,  1.209
 0.788,  0.875
 0.943,  0.995
 0.798,  0.821
 2.483,  2.559
 2.611,  2.617
 3.424,  8.086
 1.441,  1.509
 0.956,  0.998
 2.513,  2.467
 4.192,  4.294
 1.858,  2.134
 1.003,  1.133
 2.404,  2.469
 4.165,  4.201
 1.516,  1.622
 1.247,  1.344
 1.067,  1.108
 1.527,  1.558
 2.301,  2.340
 1.367,  1.527
 1.438,  1.801
 2.676,  3.623
 1.866,  2.887
 1.633,  2.509
10.607, 10.965
10.648, 10.716
 1.850,  2.006
 0.642,  0.926
 1.603,  1.854
 1.198,  1.352
 1.984,  2.091
 1.542,  1.620
 1.298,  1.418
 1.092,  1.287
 3.508,  3.710
 2.315,  2.636
 1.857,  2.325
 0.873,  1.013
 2.602,  2.648
 1.845,  2.018
 3.100,  3.531
 1.601,  1.973
10.656, 10.822
 2.543,  3.122
 2.061,  2.201
 8.738, 10.116
 1.749,  1.817
 0.855,  1.647
 7.230,  7.725
 1.735,  1.912
 1.597,  1.795
 1.090,  1.315
 1.950,  2.036
 1.625,  1.693
 2.275,  2.327
 0.676,  0.857
 1.088,  1.190
 2.404,  2.582
 1.681,  1.799
 1.895,  1.993
 1.566,  1.849
 1.635,  1.693
 0.627,  0.821
 3.255,  3.436
 4.983,  4.892
 3.775,  4.027
 2.834,  3.064
 1.915,  1.998
 1.306,  1.352
 2.032,  2.395
 1.321,  1.530
 1.777,  1.932
 3.281,  3.351
 1.662,  1.816
 1.780,  2.473
 2.980,  3.108
 4.776,  5.343
 0.843,  0.898
 1.829,  1.959
 1.525,  1.597
 0.816,  0.878
 0.689,  0.885
 2.263,  2.531
 2.061,  2.087
 1.395,  1.453
 1.736,  1.867
 1.420,  1.536
 1.742,  1.863
 2.921,  3.025
 0.687,  0.726
 1.852,  2.036
 1.096,  1.178
 1.078,  1.127
 2.743,  2.782
 7.115, 12.254
 1.520,  1.501
 0.601,  0.656
 2.070,  2.137
 3.000,  3.367
 3.022,  3.305
 2.077,  2.300
 3.662,  3.883
 2.806,  2.871
 4.380,  4.556
 0.579,  0.798
 0.883,  0.949
 1.443,  1.433
13.799, 14.152
 2.368,  2.588
 1.776,  1.821
 1.980,  2.053
 8.281,  8.530
 2.138,  2.371
 4.747,  6.283
10.977, 12.300
 4.016,  4.243
 5.073,  5.228
 0.426,  0.480
 0.750,  1.651
 0.481,  0.522
 2.338,  2.453
 2.140,  2.284
 0.770,  0.818
 0.443,  0.462
 3.556,  3.745
 4.476,  4.735
 3.233,  7.627
 1.756,  1.843
29.886, 34.161
 1.746,  2.945
 3.668,  3.799
 9.318, 12.058
 1.949,  2.293
 1.683,  1.839
 0.739,  1.034
 5.056,  5.057
 2.433,  2.744
 0.970,  1.241
 1.149,  1.242
 1.804,  2.709
 4.258,  4.316
 3.119,  3.174
 3.592,  3.677
 1.798,  1.811
 2.273,  2.701
 1.745,  1.898
 1.827,  1.873
 0.924,  1.007
 0.929,  0.996
 1.034,  1.254
 1.307,  1.602
 1.580,  1.690
 4.816,  6.158
 1.037,  1.104
 7.112, 10.570
 0.849,  1.009
 3.363,  3.583
13.962, 16.076
 1.182,  1.522
 2.358,  2.450
 2.610,  2.709
 2.634,  2.633
 5.002,  5.091
 2.249,  2.591
 0.956,  1.063
 1.710,  1.808
 2.152,  2.025
 0.889,  0.980
 1.763,  1.950
 1.268,  1.315
 0.952,  1.084
 0.958,  1.083
 0.836,  0.982
 2.909,  2.970
 2.589,  2.795
 1.235,  1.411
 1.939,  2.073
 1.261,  1.469
 3.382,  3.808
 2.824,  3.082
 1.223,  1.391
 1.019,  1.234
 1.506,  1.993
 7.799,  7.895
10.231, 11.777
 0.807,  0.925
 2.072,  2.190
 0.973,  1.213
 1.925,  2.115
 2.624,  3.100
 1.791,  2.658
 3.877,  4.025
 0.935,  1.083
 2.499,  2.678
 0.939,  1.044
 3.574,  3.629
 1.185,  1.502
 2.339,  2.498
 3.116,  3.421
 1.847,  1.928
 0.814,  1.053
 0.220,  0.590
 1.119,  1.207
 1.395,  1.697
 0.705,  1.175
 1.491,  1.940
 1.595,  2.011
 1.802,  1.939
 9.936, 11.004
 1.558,  1.935
 5.377,  9.423
 0.895,  0.932
 1.005,  1.104
 0.612,  0.694
 0.575,  0.863
 1.457,  1.590
 1.760,  1.800
 0.539,  0.589
 0.588,  0.732
 1.480,  1.631
 0.768,  0.846
 0.918,  1.056
 1.267,  1.442
 0.779,  0.928
 2.382,  2.462
 4.411,  4.506
 1.677,  2.841
 1.466,  2.021
 1.942,  2.117
 0.919,  1.118
 2.848,  2.869
 0.910,  1.177
 1.107,  1.414
 1.594,  1.785
 0.880,  1.065
 3.311,  3.313
 1.553,  1.649
 1.694,  1.839
 1.517,  1.570
 1.568,  1.677
 4.196,  4.234
 0.770,  0.859
 1.920,  2.034
 1.526,  1.722
 2.426,  2.487
 1.263,  1.303
 1.782,  1.828
 0.651,  0.744
 8.573, 10.260
 1.983,  2.700
 3.529,  4.227
14.075, 14.147
 2.179,  2.378
 2.770,  3.334
 2.387,  2.466
 1.147,  1.310
 1.123,  1.440
 1.564,  1.638
 3.170,  3.309
 3.426,  3.487
 1.581,  1.907
 2.140,  2.197
 2.095,  2.283
 0.902,  1.061
 1.396,  1.462
 1.170,  1.342
 1.502,  1.857
 1.743,  2.095
 1.334,  1.465
 1.938,  2.046
 2.539,  2.872
 0.909,  1.859
 3.957,  3.954
 4.001,  4.279
 1.264,  1.890
 1.765,  1.689
 2.180,  2.418
 3.877,  3.960
 1.416,  1.737
 1.734,  1.924
 4.407,  4.401
 3.152,  3.204
 1.947,  2.387
 3.522,  3.542
 3.265,  3.346
 2.621,  3.084
 2.814,  3.358
 2.453,  2.527
 2.730,  3.085
 0.626,  0.709
 1.681,  1.822
 2.935,  3.051
 0.897,  1.021
 2.149,  2.447
 2.067,  2.161
 2.035,  2.080
 2.050,  2.135
 1.336,  1.640
 1.262,  1.413
 2.681,  2.979
 3.445,  3.858
 2.926,  3.084
 0.598,  0.752
 3.229,  3.328
 4.070,  4.469
 2.104,  2.923
 0.793,  0.947
 2.610,  2.912
 3.057,  3.824
 2.710,  2.894
 3.037,  3.573
 1.251,  1.434
 1.414,  1.781
 1.688,  2.127
 0.778,  1.417
 0.906,  1.094
 4.849,  4.881
 4.579,  4.661
 1.942,  2.199
 1.045,  1.405
 1.000,  1.335
 1.429,  1.534
 2.585,  2.952
 0.730,  0.808
 1.217,  1.323
 0.852,  1.049
 1.474,  1.636
 1.017,  1.519
 3.124,  3.115
 1.493,  2.043
 2.848,  2.810
 2.179,  2.422
 0.618,  0.863
 0.431,  0.474
 2.100,  2.469
 1.202,  1.584
 1.397,  1.545
 1.896,  1.929
 1.158,  1.189
 2.752,  2.820
 3.688,  4.168
 1.777,  1.894
 1.354,  1.403
 1.058,  1.123
 1.416,  1.790
 4.692,  7.643
 2.439,  2.788
 2.689,  3.076
 4.520,  4.746
 2.838,  2.870
 0.381,  1.539
 1.876,  2.299
 4.409,  4.520
 3.506,  3.626
 1.941,  2.006
 1.896,  1.980
 1.382,  1.439
 1.021,  1.083
 0.856,  1.117
 2.840,  2.991
 3.031,  3.381
 2.433,  2.576
 0.936,  1.062
 1.370,  1.514
 0.991,  1.078
 0.857,  1.299
 0.908,  1.216
 2.129,  2.392
 0.916,  1.129
 2.017,  4.172
 1.595,  1.892
 0.865,  1.121
 1.884,  2.128
 1.346,  1.562
 1.147,  1.208
 0.620,  0.738
 0.435,  0.587
 1.648,  1.686
 1.394,  1.479
 1.450,  1.511
 0.920,  1.401
 0.675,  0.796
 1.547,  1.828
 0.921,  0.984
 1.020,  1.164
 1.668,  1.720
 1.936,  2.151
 0.727,  0.814
 2.257,  2.299
 0.932,  1.133
 1.427,  1.766
 1.648,  1.901
 0.883,  1.107
 2.408,  2.491
 0.963,  1.118
 0.512,  0.612
 0.433,  0.523
 0.978,  1.121
 1.875,  2.085
 0.763,  0.846
 1.142,  1.531
 0.686,  0.733
 1.993,  2.110
 1.270,  1.479
 1.306,  1.438
 1.296,  1.385
 3.346,  3.791
 2.550,  2.905
 2.443,  2.816
 2.064,  4.595
 1.523,  1.503
 0.889,  0.999
 0.754,  0.937
 1.752,  2.545
 0.673,  0.721
 0.657,  0.792
 0.529,  0.561
 1.864,  1.929
 1.103,  1.437
 0.592,  0.781
 3.541,  3.645
 4.027,  4.049
 3.171,  3.421
 2.963,  3.152
 0.898,  1.033
 0.587,  0.656
 1.282,  1.487
 1.191,  1.316
 1.263,  1.305
 1.232,  1.307
 2.124,  2.175
 1.544,  1.787
 1.626,  1.777
 2.025,  2.135
 1.746,  1.776
 1.600,  1.637
 1.817,  1.857
 2.132,  2.193
 1.834,  3.011
 1.787,  2.251
 1.162,  1.447
 0.527,  0.564
 1.075,  1.287
 1.321,  1.371
 0.600,  0.753
 1.149,  1.306
 3.001,  3.029
 2.169,  2.557
 1.198,  1.542
 1.276,  1.417
 0.535,  0.666
 1.642,  1.900
 2.802,  2.841
 2.050,  2.151
 1.168,  1.318
 0.824,  0.942
 1.582,  1.708
 0.710,  0.773
 1.087,  1.228
 1.358,  1.355
 1.182,  1.244
 1.209,  1.263
 1.483,  1.523
 2.900,  3.971
 2.946,  3.619
 0.654,  0.795
 1.619,  1.993
 0.636,  0.878
 0.678,  0.762
 5.087,  6.436
 1.089,  2.021
 1.275,  1.594
 1.577,  1.616
 2.121,  2.709
 2.867,  3.137
 0.767,  0.931
 1.553,  1.657
 2.350,  2.576
 2.037,  2.184
 6.506,  6.955
 9.212,  9.722
 7.524,  8.652
 3.832,  4.804
 8.865,  8.783
 2.665,  2.658
 1.255,  1.901
 2.217,  2.943
 3.713,  3.419
 2.900,  3.290
 1.485,  2.452
 0.853,  1.107
 3.328,  3.396
 2.933,  3.026
 2.518,  3.012
 3.085,  3.663
 1.708,  2.218
 0.892,  1.017
 1.304,  1.651
 3.589,  4.820
 0.894,  1.141
 1.046,  1.186
 2.157,  2.681
 1.117,  1.377
 1.129,  1.166
 0.835,  1.007
 0.785,  0.836
 1.776,  1.930
 3.509,  3.596
 3.197,  3.654
 1.344,  1.529
 1.456,  1.798
 2.347,  2.536
 2.818,  3.010
 0.664,  0.791
 0.647,  0.698
 1.849,  1.955
 1.591,  1.950
 1.122,  1.955
 4.950,  5.366
 2.343,  2.655
 3.927,  5.824
 2.709,  4.188
 1.037,  1.190
 5.351,  5.513
 3.025,  3.526
 5.251,  7.694
 0.555,  0.702
 2.346,  2.363
 1.604,  1.744
 1.335,  1.415
 1.122,  1.168
 2.955,  3.120
 0.551,  1.372
 2.151,  2.442
 2.441,  3.991
 2.130,  2.285
 2.982,  3.118
 1.347,  1.475
 1.250,  1.828
 1.432,  1.577
 0.863,  1.336
 0.805,  0.940
 1.115,  1.173
 5.218,  5.446
 1.394,  1.540
 1.098,  1.247
 1.312,  1.394
 6.765,  6.872
 5.429,  5.722
 1.145,  1.351
 1.165,  1.346
 1.845,  1.937
 6.592,  6.583
 8.934,  9.082
 0.677,  3.701
 1.242,  1.669
 0.560,  0.660
 2.425,  2.643
 5.641,  7.951
 1.070,  1.254
 1.818,  1.951
 1.552,  3.085
 4.263,  5.136
 1.096,  1.210
 3.818,  5.122
 1.232,  1.457
 0.916,  1.143
 1.309,  1.658
 1.043,  1.236
 1.945,  1.972
 1.075,  1.122
 0.789,  0.849
 0.729,  0.925
 1.501,  1.866
 1.502,  1.678
 2.101,  2.654
 0.923,  1.081
 1.651,  1.773
 1.817,  1.934
 0.846,  0.991
 0.749,  1.012
 1.366,  1.604
 2.195,  2.342
 1.295,  1.453
 1.279,  1.575
 1.003,  1.450
 2.098,  2.443
 1.735,  2.670
 3.102,  3.220
 2.206,  2.464
 1.870,  2.340
11.193, 11.616
 1.579,  1.728
 1.685,  2.196
 1.360,  1.529
 1.033,  1.143
 2.236,  2.361
 0.881,  1.050
 2.869,  2.930
 1.706,  1.522
 0.875,  1.158
 0.765,  0.926
 2.229,  2.422
 4.582,  4.577
 3.327,  3.165
 2.055,  2.112
 2.209,  2.130
 7.720,  8.744
 3.253,  3.200
 1.871,  2.107
 4.617,  4.799
 1.597,  1.580
 4.647,  4.843
 1.782,  2.168
 3.954,  4.030
 1.580,  1.758
 1.891,  1.995
16.077, 17.466
 5.231,  5.227
 3.704,  4.202
 2.963,  3.314
 2.424,  2.544
 1.409,  1.828
 0.960,  1.093
 2.868,  3.017
 1.653,  1.711
 4.163,  4.309
 2.472,  2.516
 1.646,  1.710
 1.375,  1.462
 1.876,  2.126
 3.846,  4.237
 2.397,  2.665
 2.013,  2.138
 2.614,  2.694
 1.417,  1.625
 2.308,  2.409
 2.774,  2.957
 1.722,  1.858
 3.406,  5.577
 1.824,  2.266
 2.142,  2.262
 1.133,  1.726
 0.398,  0.783
 1.555,  1.931
 0.807,  1.272
 1.402,  1.561
 1.450,  1.595
 1.672,  1.753
 1.664,  1.711
 1.038,  1.239
 2.008,  2.155
 4.560,  4.799
 1.001,  1.069
 1.250,  1.679
 3.740,  3.766
 2.055,  2.098
 1.757,  1.869
 1.150,  1.201
 1.349,  1.505
 1.876,  1.967
 1.656,  1.768
 0.932,  1.081
 1.149,  1.209
 2.728,  2.945
 3.346,  3.347
 0.887,  1.017
 1.833,  2.032
 3.623,  3.681
 0.890,  1.195
 2.203,  2.326
 1.296,  2.391
 1.779,  2.164
 5.093,  5.627
 0.888,  0.841
 1.005,  1.177
 1.141,  1.507
 1.314,  1.765
 1.243,  1.345
 1.455,  1.589
 1.707,  1.866
 0.985,  1.808
 1.209,  1.533
 2.106,  2.283
 2.710,  6.421
 0.688,  0.801
 2.486,  2.620
 1.184,  1.296
 1.033,  1.083
 0.751,  0.802
 1.725,  2.437
 0.531,  0.942
 0.505,  0.756
 1.307,  1.498
 1.281,  1.320
 3.163,  3.189
 1.350,  1.431
 1.056,  1.431
 0.999,  1.101
 0.937,  0.972
 2.573,  2.714
 3.063,  3.109
 4.819,  4.950
 2.282,  2.562
 1.580,  3.239
 0.954,  1.042
 1.394,  1.516
 1.994,  2.118
 1.591,  1.778
 1.097,  1.501
 2.375,  2.563
 1.070,  1.268
 1.735,  1.858
 0.719,  0.997
 1.065,  1.153
 1.306,  1.497
 2.025,  3.009
 0.924,  1.026
 1.823,  1.954
 1.516,  2.178
 4.578,  4.828
 3.231,  3.710
 3.455,  3.517
 1.219,  1.384
 2.379,  2.503
 2.055,  2.203
 0.988,  1.209
 1.395,  1.590
 2.477,  2.812
 3.079,  3.053
 3.100,  3.167
 1.324,  1.478
11.220, 11.734
 1.784,  1.843
 1.532,  1.573
 1.334,  1.494
 1.709,  1.756
 3.158,  3.365
 3.301,  3.392
 1.661,  2.050
 4.743,  4.922
 1.502,  1.706
 1.312,  1.404
 0.855,  1.147
 3.007,  3.151
 0.716,  0.783
 0.932,  1.118
 6.029,  6.142
 9.235,  9.941
 1.416,  1.499
 0.627,  0.739
 0.668,  0.969
 1.091,  1.271
 0.924,  2.317
 2.209,  2.278
 1.338,  1.839
 1.268,  1.566
 0.939,  1.257
 0.829,  0.922
 1.517,  1.703
 0.725,  1.321
 1.125,  1.456
 1.710,  2.043
 4.962,  3.664
 2.080,  2.162
 1.007,  1.484
 1.224,  1.477
 1.829,  1.997
 0.890,  1.074
 2.546,  2.892
 0.996,  1.699
 1.387,  1.572
 0.928,  1.194
 0.958,  1.241
 1.399,  1.490
 1.157,  1.256
 1.070,  1.173
 2.215,  2.355
 1.727,  1.879
 1.011,  1.050
 2.066,  3.267
 0.847,  0.915
 1.413,  1.691
 1.979,  2.146
 2.005,  2.234
 1.803,  2.073
 1.811,  1.996
 4.025,  4.149
 1.138,  1.284
 1.289,  1.441
 1.575,  1.604
 4.009,  4.883
 6.059,  6.480
 3.016,  3.453
 1.210,  1.306
 4.201,  4.596
 1.897,  1.942
 0.774,  0.978
 1.546,  1.667
 0.641,  0.717
 0.669,  0.948
 0.640,  0.857
 2.884,  2.863
 0.680,  1.047
 0.978,  1.150
 2.101,  2.696
 0.620,  0.707
 1.186,  1.459
 1.288,  1.413
 1.262,  1.326
 2.725,  2.775
 0.654,  0.916
 2.001,  2.241
 3.058,  3.172
 3.281,  3.317
 1.178,  1.572
 2.055,  2.201
 2.323,  2.340
 1.604,  1.682
 1.128,  1.350
 1.420,  1.546
 1.934,  1.984
 1.847,  2.130
 2.099,  2.107
 2.570,  2.693
 2.102,  2.146
 0.829,  1.077
 3.509,  3.562
 0.857,  0.931
 0.968,  1.123
 2.935,  2.871
 1.340,  1.708
 2.981,  3.084
 0.856,  1.063
 5.633, 10.921
 0.814,  1.180
 0.596,  0.658
 0.828,  0.818
 1.330,  1.649
 1.084,  1.338
 2.389,  2.965
 1.649,  2.099
 0.468,  0.533
 1.271,  1.942
 0.598,  0.790
 1.047,  1.283
 3.087,  3.240
 1.901,  2.764
 2.576,  2.693
 1.581,  1.900
 3.817,  3.534
 1.621,  1.941
 7.427,  7.421
 3.957,  4.119
 2.819,  3.230
 1.674,  2.044
 1.181,  1.529
 0.760,  1.089
 3.874,  5.094
 1.625,  2.494
 2.776,  3.368
 2.110,  2.130
 0.556,  0.743
 3.746,  3.807
 0.737,  0.882
 2.897,  3.330
 0.477,  0.585
 1.020,  1.198
 1.538,  1.744
 0.922,  0.980
 0.505,  0.561
 0.908,  1.095
 2.136,  2.253
 0.647,  0.707
 1.105,  1.172
 1.298,  1.624
 1.716,  2.488
 0.479,  0.572
 1.475,  1.528
 2.553,  2.631
 0.952,  1.077
 2.261,  2.290
 1.361,  1.590
 1.140,  1.288
 4.226,  4.452
 0.898,  1.247
 0.686,  0.824
 1.329,  1.397
 3.109,  3.166
 1.038,  1.163
 3.736,  3.796
 1.029,  1.482
 1.044,  1.349
10.129, 10.249
 5.490,  6.095
 0.849,  3.147
11.058, 11.746
 1.332,  1.532
 1.152,  1.318
 1.078,  1.150
 2.586,  2.848
 0.590,  0.780
 0.752,  0.825
 9.373,  9.364
 2.419,  2.506
 3.992,  4.146
 1.472,  1.421
 1.221,  1.387
 1.507,  1.682
 1.386,  1.685
 2.044,  2.289
 0.769,  0.876
 0.990,  1.072
 0.996,  1.192
 1.854,  2.547
 4.066,  4.338
 2.204,  2.752
 1.505,  1.626
 1.014,  1.097
 2.466,  2.930
 1.684,  1.846
 1.959,  2.122
 1.121,  1.324
 1.941,  2.048
 0.584,  0.787
 1.079,  1.179
 3.276,  3.566
 2.375,  2.426
 0.986,  1.126
 1.499,  1.585
 0.725,  0.928
 0.669,  0.755
 0.682,  1.330
 2.107,  2.209
 1.672,  1.735
 0.910,  1.048
 3.543,  6.446
 1.195,  1.297
 2.205,  2.297
 6.051,  5.745
 0.656,  1.515
 8.624,  9.089
 1.670,  1.751
 2.299,  2.646
 9.271,  9.418
 2.091,  2.241
 2.012,  2.214
 0.912,  1.066
 0.770,  1.359
 1.295,  1.591
 1.977,  2.640
 1.186,  1.331
 1.042,  1.221
11.809, 13.418
 1.066,  1.196
 1.704,  1.600
 1.323,  1.400
 2.321,  3.682
 1.367,  1.553
13.741, 13.982
 0.483,  0.565
 0.720,  1.304
 0.719,  1.319
 1.026,  7.152
12.555, 23.338
 0.640,  0.699
 0.757,  0.788
 0.866,  1.180
 2.872,  3.047
 3.089,  3.095
 1.970,  1.943
 1.237,  1.503
 1.343,  1.477
 1.058,  1.467
 1.738,  2.040
 6.385,  7.941
 1.109,  1.353
 0.933,  1.109
 0.839,  0.908
 2.451,  2.659
 1.902,  2.042
 1.228,  1.483
 0.801,  0.875
 3.504,  3.506
 2.772,  2.889
 2.367,  2.564
 1.074,  1.193
 2.483,  3.226
 0.828,  1.204
 1.856,  1.883
 2.016,  2.059
 1.689,  1.889
 2.404,  2.622
 7.851,  7.969
 1.644,  1.815
 2.428,  3.531
 6.115,  7.536
12.309, 12.930
 1.409,  1.518
 8.653,  8.845
 4.221,  5.009
 1.717,  2.157
 2.681,  2.868
 1.150,  1.267
 2.716,  2.854
 0.512,  0.751
 3.437,  3.552
 0.607,  0.630
 2.778,  3.119
 0.413,  0.943
 1.639,  1.703
 0.726,  0.858
 0.784,  0.861
 1.450,  1.560
 1.123,  1.250
 1.918,  1.967
 1.292,  1.378
 1.348,  1.453
 2.261,  2.334
 1.074,  1.168
 0.929,  1.215
 1.031,  1.547
 1.727,  1.892
 1.814,  2.016
 1.632,  1.885
 2.498,  2.737
 1.750,  1.920
 1.570,  1.719
 2.228,  2.280
 1.324,  1.423
 1.095,  1.163
 2.405,  3.185
 0.893,  1.119
 0.740,  0.910
 1.070,  1.185
 1.455,  1.510
 1.134,  1.195
 1.185,  1.297
 0.840,  0.899
 3.771,  4.277
 0.642,  0.715
 1.396,  1.521
 0.758,  0.877
 2.186,  2.356
 1.485,  1.657
 1.384,  1.498
 1.069,  1.163
 2.564,  2.827
 1.396,  1.472
 2.614,  3.681
 1.278,  1.740
 7.153,  7.318
 2.390,  2.616
 3.115,  3.514
 4.812,  4.934
 1.406,  1.538
 2.294,  2.519
 1.858,  1.974
 1.335,  1.584
 2.547,  2.705
 2.160,  2.330
 1.663,  1.791
 7.131, 11.079
 2.973,  3.023
 1.829,  2.111
 3.037,  3.548
 1.591,  1.797
 5.070,  5.940
 0.924,  1.107
 0.752,  0.913
 0.880,  1.041
 2.831,  2.984
 5.131,  5.215
 0.978,  1.072
 1.095,  1.160
 3.907,  4.595
 3.610,  3.877
 1.475,  1.562
 2.862,  3.417
 2.484,  2.928
 7.287, 10.710
 2.950,  3.508
 2.101,  2.682
 4.507,  4.536
 1.036,  1.166
 3.042,  3.610
 1.936,  2.269
 0.716,  1.037
 2.016,  2.122
 7.761, 12.661
 2.629,  2.671
 2.872,  3.825
 2.049,  2.191
 4.030,  4.076
 2.647,  7.750
14.906, 16.118
 1.408,  1.515
 1.070,  1.133
 1.613,  1.767
 1.202,  1.321
 1.568,  1.727
 3.179,  3.418
 8.268,  9.134
 2.231,  2.505
 1.106,  1.263
 0.949,  1.157
 1.393,  1.472
 1.103,  1.318
 2.352,  2.701
 2.313,  2.377
 0.787,  0.864
 1.048,  1.158
 1.300,  1.451
 3.519,  3.549
 2.316,  2.381
 3.057,  3.317
 2.832,  3.079
 0.766,  1.082
 0.612,  0.859
 0.660,  0.929
 1.508,  2.183
 4.625,  4.620
 1.720,  2.489
 3.803,  3.931
 3.211,  3.268
 3.056,  3.114
 4.726,  4.812
 1.867,  2.140
 0.623,  0.693
 1.484,  1.743
 1.721,  1.786
 1.500,  1.641
 1.353,  1.601
 1.054,  1.145
 1.583,  1.685
 0.789,  0.938
 1.380,  1.469
 1.742,  2.919
 2.726,  2.798
 0.952,  1.224
 1.683,  2.807
 2.311,  2.503
 0.416,  0.493
 0.369,  0.405
 1.900,  2.022
 1.798,  1.800
 1.722,  1.908
 1.246,  1.390
 1.046,  1.098
 2.526,  2.565
 3.001,  3.077
 0.998,  1.298
 0.939,  1.430
 0.736,  0.848
 1.407,  1.465
 0.773,  0.880
 0.731,  0.858
 1.271,  1.530
 0.586,  0.745
 1.161,  1.469
 0.461,  0.607
 1.232,  1.709
 1.134,  1.277
 1.463,  1.629
 2.552,  2.810
 1.486,  1.576
 2.927,  3.255
 1.487,  1.591
 2.019,  2.088
 1.801,  2.081
 1.195,  1.555
 1.541,  1.601
 3.194,  3.432
 0.735,  0.762
 2.464,  2.773
 0.816,  1.041
 1.495,  1.564
 3.490,  4.261
 2.372,  2.524
 3.088,  3.313
14.070, 17.732
 3.918,  4.439
 2.149,  2.137
 4.574,  4.769
 2.271,  2.704
 1.842,  2.012
 4.510,  4.595
 1.338,  1.513
 1.820,  2.379
 1.195,  1.348
 1.540,  1.619
 1.546,  1.875
 1.068,  1.352
 0.953,  1.310
 2.278,  2.299
 1.780,  1.845
 1.126,  1.404
 1.180,  1.211
 1.311,  1.394
 1.535,  1.576
 2.245,  2.466
 1.284,  1.499
 1.214,  1.363
 1.309,  1.393
 1.970,  2.534
 3.691,  4.544
 3.688,  3.748
 1.491,  1.607
 1.237,  1.353
 4.257,  4.827
 0.647,  0.900
 0.740,  0.970
 1.267,  1.367
 1.121,  1.258
 0.960,  1.148
 1.633,  1.702
 1.297,  1.342
 1.513,  1.807
 1.394,  1.785
 1.560,  1.849
 1.253,  3.813
 4.594,  4.747
12.801, 13.636
 0.706,  0.733
 0.894,  1.028
 1.842,  1.977
 0.685,  0.775
 1.993,  2.119
 1.149,  1.388
 1.390,  1.586
 0.952,  1.278
 1.895,  2.143
 1.596,  1.805
 1.446,  1.582
 1.682,  1.884
 0.431,  0.500
 0.962,  1.227
 1.309,  1.688
 0.523,  0.772
 2.249,  2.332
 1.112,  1.344
 2.317,  2.466
 0.983,  1.009
 1.840,  1.900
 1.769,  2.032
 3.072,  3.160
 4.033,  4.167
 1.937,  2.083
 2.435,  2.605
 2.577,  2.802
 1.787,  2.600
 5.048,  5.176
 7.418,  8.242
 2.684,  3.320
 1.376,  1.495
 4.018,  4.222
 0.620,  0.886
 4.150,  4.374
 0.952,  1.427
 1.158,  1.424
 0.933,  1.051
 0.473,  0.685
 0.944,  1.084
 1.360,  1.465
 2.041,  2.251
 0.516,  0.577
 0.924,  0.986
 1.602,  1.660
 0.710,  0.986
 0.800,  0.842
 0.967,  1.188
 1.015,  1.119
 1.492,  1.626
 0.994,  1.047
 1.072,  1.166
 1.124,  1.359
 1.805,  1.898
 2.178,  2.282
 1.606,  1.685
 2.749,  3.571
 4.316,  4.419
 1.354,  1.761
 0.760,  0.977
 2.588,  2.729
 1.159,  1.344
 1.295,  1.344
 1.019,  1.290
 0.669,  1.028
 0.697,  0.743
 1.161,  1.775
 3.026,  3.137
 2.141,  2.414
 0.809,  1.129
 2.128,  2.352
 2.032,  2.316
 1.968,  2.143
 2.065,  2.152
 9.044, 10.167
 4.778,  5.361
 6.335,  7.393
 1.984,  2.015
 1.297,  1.890
 2.766,  2.840
 1.917,  1.955
 1.157,  1.501
 2.304,  2.404
 2.912,  2.999
 2.107,  2.340
 1.772,  1.795
 1.901,  2.282
 2.415,  2.305
 0.759,  0.893
 3.414,  3.502
 3.774,  5.665
 1.283,  1.670
 1.770,  1.847
 0.975,  1.083
 2.785,  2.859
 2.676,  2.654
 5.445,  5.469
 1.229,  1.372
 0.791,  1.034
 3.759,  3.772
 1.968,  2.013
 3.962,  6.291
 1.115,  1.210
 2.927,  3.076
 2.254,  2.416
 1.103,  1.387
 2.443,  2.779
 2.769,  3.033
 1.074,  1.171
 3.158,  3.353
 1.371,  2.005
 3.835,  3.851
 1.297,  1.364
 1.115,  1.434
 2.135,  3.643
 0.863,  0.959
 2.528,  3.828
 1.232,  1.638
 2.794,  2.914
 1.477,  1.995
 1.579,  1.741
 1.476,  1.540
 2.270,  2.345
 0.575,  0.724
 1.618,  1.631
 2.022,  2.152
 0.543,  0.680
 3.636,  4.037
 0.524,  0.649
 3.473,  3.854
 1.482,  1.643
 1.347,  1.461
 1.024,  1.170
 2.287,  2.320
 1.525,  1.738
 1.320,  1.472
 0.681,  0.736
 0.969,  1.190
 0.769,  0.928
 1.300,  1.372
 2.485,  2.575
 2.330,  2.852
 4.672,  5.322
 0.633,  0.746
 1.367,  1.819
 1.441,  2.016
 9.042,  9.267
 2.131,  2.432
 0.688,  0.816
 2.068,  2.304
 1.521,  1.586
 1.168,  3.675
 4.709,  5.010
 2.924,  2.961
 3.382,  3.367
 2.568,  2.570
 2.109,  2.268
 0.592,  0.694
 2.225,  2.233
 1.264,  1.313
 1.420,  1.592
 4.118,  4.133
 2.078,  2.403
 2.132,  2.255
 1.442,  1.529
 1.870,  2.162
 0.934,  0.976
 3.041,  2.988
 0.950,  1.055
 1.942,  2.021
 1.906,  2.032
 1.571,  2.172
 2.741,  2.916
 4.117,  6.041
 0.606,  2.078
 2.381,  2.801
 1.235,  1.628
 1.281,  1.581
 3.668,  3.705
 1.873,  2.089
 0.513,  0.642
 2.446,  2.597
 2.218,  2.611
 1.521,  2.397
 1.640,  1.906
 2.256,  2.307
 0.992,  1.120
 0.523,  0.922
 1.994,  2.083
 0.836,  0.802
 4.269,  4.851
 1.902,  2.040
 2.817,  2.797
 0.462,  0.888
 2.780,  2.728
 1.995,  2.003
 1.476,  1.558
 1.194,  1.460
 2.023,  2.102
 1.968,  2.144
 1.154,  1.317
 2.530,  2.715
 0.898,  1.100
 1.134,  1.320
 1.587,  1.648
 1.508,  1.591
 1.194,  1.755
 4.107,  6.061
 1.547,  1.543
 4.070,  4.336
 3.923,  4.023
 2.488,  2.732
 2.339,  2.553
 4.069,  3.976
 2.749,  3.078
 0.977,  1.432
 0.937,  1.092
 1.087,  1.228
 4.639,  6.298
 2.067,  3.097
 2.830,  3.012
 0.849,  0.899
 1.840,  1.924
 1.425,  1.499
 0.693,  0.927
 0.933,  1.162
 0.643,  0.860
 2.746,  2.932
 0.600,  0.724
 0.432,  0.478
 1.094,  1.152
 2.613,  2.842
 4.643,  5.261
 1.739,  2.437
 2.295,  2.320
 1.685,  2.269
 3.418,  3.657
 1.301,  1.802
 1.256,  1.563
 2.283,  2.477
 2.712,  3.130
 1.633,  2.108
 0.623,  0.851
 0.969,  1.098
 0.950,  1.039
 0.445,  0.707
 1.624,  2.060
 0.772,  0.863
 4.260,  4.649
 2.693,  2.770
 3.667,  3.627
 0.910,  0.921
 2.781, 10.283
 1.540,  1.658
 1.184,  1.516
 0.747,  0.833
 4.847,  4.954
 1.137,  1.251
 2.214,  2.526
 2.918,  3.184
 2.543,  2.712
 3.657,  3.858
 0.898,  1.075
 0.965,  1.125
 1.053,  1.436
 0.831,  1.025
 2.085,  2.143
 0.638,  0.761
 0.749,  0.953
 1.747,  1.748
 1.186,  1.298
 3.143,  3.105
 3.493,  3.577
 1.003,  1.027
 1.947,  2.076
 3.137,  2.998
 1.257,  1.364
 1.115,  1.135
 1.181,  1.578
 2.307,  2.380
 0.877,  1.006
 1.526,  1.667
 0.884,  0.936
 1.001,  1.103
 5.213,  5.271
 1.993,  2.441
 1.062,  1.309
 0.922,  1.195
 1.033,  1.400
 1.571,  1.983
 0.838,  0.925
 0.657,  0.948
 3.540,  3.709
 3.532,  3.586
 2.433,  2.755
 5.123,  5.236
 4.100,  5.166
 1.284,  2.074
 9.203,  9.386
 8.308,  8.337
 3.165,  3.565
 2.233,  2.637
 6.927,  7.130
 0.558,  1.116
 0.379,  0.954
 1.411,  1.468
 0.704,  0.799
 0.999,  1.206
 2.756,  2.874
 1.893,  2.045
 1.925,  2.132
 1.960,  2.534
 1.028,  1.082
 1.258,  1.486
 1.296,  1.586
 0.675,  0.967
 1.126,  1.320
 0.878,  1.152
 2.603,  2.708
 2.740,  3.111
 1.598,  1.706
 3.890,  4.157
 1.035,  1.144
 0.858,  1.058
 1.094,  1.239
 4.015,  4.048
 1.047,  1.489
 1.286,  1.373
 2.849,  2.911
 3.856,  3.930
 1.682,  1.848
 0.711,  1.438
 2.469,  2.597
 1.161,  1.307
 0.943,  0.968
 4.314,  4.418
 1.150,  1.194
 2.780,  2.917
 1.118,  1.352
 1.432,  1.731
 2.150,  3.854
 4.287,  4.944
 1.274,  1.707
 1.661,  1.936
 1.207,  1.306
 4.400,  4.986
 0.600,  0.669
 3.406,  3.550
 0.753,  0.808
 4.707,  5.004
 1.144,  1.288
 1.809,  2.269
 1.917,  2.066
 1.258,  1.700
 4.080,  4.402
 3.929,  4.028
 2.115,  2.263
 0.986,  2.471
 2.368,  2.497
 2.878,  3.131
 0.899,  1.185
 1.502,  1.835
 1.195,  1.981
 0.699,  0.873
 1.826,  1.965
 0.611,  0.695
 3.124,  3.139
 0.947,  1.015
 2.864,  2.908
 3.142,  3.392
 1.745,  1.850
 0.929,  1.099
 4.654,  4.619
 1.654,  1.762
 5.132,  5.260
 1.871,  1.979
 1.854,  2.003
 2.436,  2.542
 1.311,  1.980
 1.750,  1.779
 2.314,  2.550
 4.765,  4.728
 1.941,  1.997
 0.672,  0.769
 1.035,  1.244
 3.460,  3.515
 2.969,  3.021
 2.473,  2.542
 2.349,  2.102
 0.756,  1.097
 2.280,  2.292
 1.866,  1.981
 1.660,  1.908
 7.017,  7.079
 1.442,  2.124
 1.674,  2.052
 0.961,  1.015
 2.982,  3.014
 1.941,  3.872
 1.601,  1.700
 1.126,  1.475
 3.645,  4.086
 2.416,  2.520
 3.351,  3.539
 0.711,  1.128
 2.167,  2.350
 2.549,  2.692
 1.730,  1.886
 0.764,  0.991
 2.023,  2.093
 1.295,  1.386
 1.787,  1.939
 2.050,  3.422
 1.944,  2.001
 1.747,  2.087
 2.017,  2.403
 2.222,  2.760
 1.257,  1.411
 0.900,  1.194
 1.500,  1.751
 1.237,  1.658
 1.237,  1.525
 6.905,  6.803
 2.647,  2.899
 1.067,  1.227
 1.226,  1.690
 2.602,  2.654
 3.945,  6.201
 1.455,  1.655
 2.481,  2.822
 0.817,  1.011
 2.248,  2.415
 1.922,  2.024
 1.855,  2.046
 1.165,  1.311
 1.951,  1.961
 1.097,  1.315
 4.315,  4.830
 2.444,  2.521
 0.836,  1.036
 1.203,  1.402
 2.389,  2.473
 1.242,  1.445
 1.534,  1.664
 2.071,  2.327
 1.782,  1.840
 1.139,  1.244
 2.222,  2.407
 3.683,  3.777
 0.837,  0.954
 0.921,  1.008
 1.415,  1.509
 2.969,  3.113
 0.822,  0.903
 2.573,  2.738
 1.605,  1.869
 1.260,  1.865
 1.703,  2.127
 0.938,  1.091
 1.887,  1.993
 2.641,  2.781
 3.999,  4.000
 0.616,  0.744
 0.659,  0.818
 3.038,  3.206
 1.580,  1.711
 1.176,  1.250
 1.748,  1.792
 2.085,  2.196
 2.764,  4.254
 5.180,  7.495
 3.134,  3.202
 2.575,  2.633
 2.503,  2.733
 1.655,  2.024
 2.299,  2.368
 1.150,  1.335
 2.061,  2.163
 0.747,  0.852
 1.503,  1.792
 0.615,  0.682
 1.945,  2.328
 3.380,  3.437
 5.085,  6.039
 1.828,  1.859
 1.959,  2.280
 1.065,  1.204
 1.771,  1.929
 0.841,  0.942
 1.115,  1.309
 2.279,  2.754
 1.098,  1.269
 0.948,  1.154
 2.790,  2.939
 2.049,  2.532
 1.150,  1.745
 1.244,  2.044
 2.561,  2.726
 4.095,  4.372
 4.187,  4.432
 1.975,  2.754
 1.006,  1.112
 0.780,  0.968
 0.595,  0.662
 2.245,  2.281
 0.994,  1.014
 1.114,  1.291
 2.225,  2.320
 1.076,  1.157
 1.148,  1.328
 0.980,  1.115
 0.688,  0.996
 1.426,  1.567
 0.663,  0.890
 3.678,  4.130
 1.404,  1.467
 1.284,  1.405
 1.165,  1.435
 2.405,  2.431
 2.770,  3.439
 1.362,  1.500
 0.942,  1.164
 2.760,  2.928
 1.338,  1.563
 2.365,  2.743
 2.758,  3.415
 2.608,  2.676
13.467, 13.207
 0.947,  1.334
 1.119,  1.232
 2.386,  2.521
 0.798,  0.862
 5.136,  8.604
 2.631,  2.898
 1.166,  1.336
 4.242,  4.268
 2.483,  2.562
 3.657,  4.941
 3.723,  3.730
 5.009,  5.557
 1.541,  2.140
 1.607,  1.673
 1.763,  2.220
 9.787, 11.318
 0.633,  0.713
 3.391,  4.175
 1.612,  1.696
 0.831,  0.926
 1.487,  1.618
 0.737,  0.883
 2.244,  2.638
 5.303,  8.582
 6.738,  7.483
 4.657,  5.953
72.957, 76.790
 2.367,  2.490
 1.080,  1.228
 1.645,  1.688
 2.157,  2.275
 0.714,  0.864
 3.654,  4.405
 2.098,  2.429
 5.232,  5.561
 1.473,  1.528
 1.028,  1.079
 2.448,  3.096
 0.883,  0.935
 1.990,  2.283
 0.811,  0.921
 2.334,  2.458
 1.177,  1.462
 0.902,  1.207
 0.754,  1.142
 2.246,  2.342
 1.608,  1.691
 2.629,  2.827
 1.703,  1.936
 2.583,  2.616
 0.905,  0.987
 1.144,  1.379
 0.998,  1.458
 1.424,  1.545
 0.871,  1.174
 1.331,  1.717
 1.374,  1.689
 0.514,  0.522
 3.292,  3.471
 2.545,  2.620
 1.473,  1.765
 3.507,  3.690
 1.518,  1.865
 1.755,  1.899
 1.972,  2.111
 3.184,  3.518
 2.593,  2.907
 1.653,  1.740
 3.104,  3.225
 5.688,  5.838
 0.581,  0.778
 2.573,  2.731
 1.322,  1.552
 1.707,  4.228
 0.742,  1.022
13.522, 15.091
 6.408,  6.391
18.570, 21.289
 7.904,  8.254
 2.701,  2.968
 3.394,  5.206
 0.727,  0.866
 1.171,  1.375
 2.007,  2.084
 2.091,  2.346
 0.872,  0.930
 2.042,  2.095
 2.682,  2.885
 1.233,  1.391
 1.778,  1.781
 0.778,  0.884
 2.877,  2.845
 2.764,  2.806
 0.441,  0.512
 5.512,  5.792
 1.497,  2.150
 2.490,  2.746
 0.999,  1.133
 0.832,  1.220
 2.433,  2.581
 2.092,  2.205
 2.329,  2.465
 1.789,  1.896
 0.787,  0.827
 2.171,  2.464
 0.872,  0.975
 0.987,  1.144
 0.874,  1.010
 1.669,  1.958
 0.646,  1.151
 0.989,  1.078
 1.087,  1.182
 1.412,  1.700
 1.369,  1.429
 1.435,  1.502
 0.941,  1.050
 0.929,  1.041
 1.169,  1.454
 1.074,  1.196
 1.102,  1.506
 2.932,  3.039
 1.650,  2.091
 0.454,  0.701
 0.808,  0.992
 1.104,  1.596
 1.465,  1.664
 1.774,  1.843
 1.084,  1.301
 3.682,  6.330
 0.847,  0.961
 1.649,  2.396
 2.899,  3.344
 2.297,  2.661
 7.451,  7.595
 3.045,  3.088
 5.580,  5.307
 4.035,  4.851
 2.300,  2.782
 0.934,  1.008
 1.069,  1.189
 1.728,  2.048
 1.964,  2.031
 2.047,  2.197
 1.482,  1.571
 0.651,  0.855
 1.076,  1.173
 1.465,  1.648
 1.568,  1.599
 1.766,  1.830
 0.835,  1.089
 1.006,  1.047
 1.164,  1.350
 2.983,  3.041
 1.958,  2.044
 3.174,  3.155
 1.766,  1.881
 0.644,  0.766
 1.165,  1.299
 2.440,  2.509
 1.799,  1.863
 1.964,  2.013
 2.388,  2.428
 6.139,  6.295
 5.993,  6.153
 2.546,  3.246
 2.811,  2.767
 2.101,  2.110
 1.770,  1.833
 2.338,  2.995
 1.842,  1.891
 3.246,  3.296
 5.154,  5.231
 3.949,  4.185
 1.168,  1.580
 0.965,  1.128
 1.372,  1.619
 1.777,  2.053
 0.510,  0.555
 1.771,  1.957
 2.734,  2.884
 1.339,  1.457
 1.807,  1.923
 1.438,  1.543
 3.218,  3.466
 3.021,  3.239
 2.694,  2.786
 3.843,  4.079
 3.305,  3.368
 0.951,  1.157
 0.792,  0.895
 1.915,  2.018
 0.355,  0.651
 0.511,  0.657
 2.328,  2.347
 2.228,  2.302
 1.346,  1.566
 1.361,  1.496
 0.650,  0.857
 2.200,  2.269
 2.069,  2.141
 1.112,  1.266
 1.598,  1.707
 1.336,  1.515
 1.785,  2.064
 4.008,  4.331
 3.104,  3.394
 5.018,  7.765
 1.535,  2.014
 1.647,  1.810
 3.530,  3.628
 1.907,  2.006
 2.259,  2.470
 3.156,  3.208
 1.405,  1.487
 1.051,  1.628
 2.714,  2.895
 1.472,  1.574
 2.969,  3.230
 1.602,  1.754
 1.847,  1.966
 1.924,  2.057
 1.567,  1.750
 2.241,  2.703
 1.498,  1.610
 3.666,  3.806
 0.953,  1.358
 2.999,  3.810
 2.667,  7.025
 0.813,  0.880
 0.550,  0.935
 0.571,  0.787
 1.313,  1.379
 2.454,  2.682
 0.759,  0.902
 0.821,  0.996
 3.208,  3.254
 2.072,  2.128
 4.657,  4.659
10.977, 12.796
 1.033,  1.256
 1.298,  1.444
 1.183,  1.264
 2.349,  2.448
 2.329,  2.484
 1.222,  1.421
 2.649,  2.813
 1.429,  1.617
 1.654,  1.693
 1.874,  2.689
 0.920,  1.004
 2.033,  2.108
 1.947,  2.090
 1.744,  1.878
 3.095,  3.354
 1.895,  2.097
 1.126,  1.531
 2.966,  3.028
 1.214,  1.315
 2.470,  2.764
 0.693,  0.772
 2.055,  2.135
 1.995,  2.156
 0.992,  1.040
 1.231,  1.410
 1.093,  1.363
 1.985,  2.034
 0.425,  0.477
 0.798,  1.065
 1.256,  1.307
 1.188,  1.266
 0.861,  0.957
 0.896,  0.971
 0.907,  1.162
 2.653,  2.678
 2.021,  2.173
 3.168,  3.870
 1.293,  1.359
 1.318,  1.492
 2.592,  3.082
 1.243,  1.410
 2.855,  2.941
 0.897,  1.109
 1.333,  1.487
 1.376,  1.549
 1.231,  1.345
 1.079,  1.262
 0.801,  0.871
 1.494,  1.588
 0.744,  0.824
 3.770,  3.877
 2.890,  3.034
 0.881,  1.028
 4.092,  3.557
 5.775,  6.180
 3.691,  3.793
 0.831,  0.865
 1.148,  1.326
 0.960,  1.258
 1.249,  1.390
 3.902,  4.043
 1.308,  1.366
 5.894,  8.743
 0.836,  0.885
 1.150,  1.387
 2.368,  2.418
 2.498,  3.025
 1.887,  1.917
 0.797,  0.823
 1.184,  1.248
 1.019,  1.208
 7.920,  8.894
 1.344,  1.395
 0.587,  0.634
 2.397,  2.803
 1.427,  1.519
 3.142,  3.133
 1.087,  1.224
 3.068,  3.048
 5.382,  5.405
 1.167,  1.263
 2.943,  3.324
 1.273,  1.465
 1.047,  1.141
 3.170,  3.276
 2.977,  3.205
 1.151,  1.531
 1.968,  2.351
 2.495,  2.724
18.615, 20.132
 7.534, 11.916
 2.461,  3.415
 1.191,  1.304
 1.225,  1.307
 1.860,  2.273
 1.079,  1.175
 2.405,  3.283
 1.062,  1.090
 1.168,  1.210
 1.051,  1.091
 3.545,  3.805
 0.543,  0.836
 2.643,  3.073
 2.105,  2.208
 2.351,  2.401
 1.353,  2.259
 2.031,  2.161
 1.532,  1.595
 1.168,  1.236
 0.535,  0.633
 0.808,  0.890
 2.066,  2.205
 4.791,  4.921
 1.226,  1.375
 3.606,  3.584
 0.933,  1.082
 1.081,  1.200
 0.770,  0.975
 2.193,  2.394
 0.590,  0.931
 1.398,  1.456
 0.756,  0.942
 1.518,  1.709
 1.799,  1.967
 0.840,  0.908
 1.343,  1.519
 1.138,  1.281
 1.688,  1.753
 2.390,  2.512
 1.251,  1.547
 0.830,  0.952
 1.127,  1.297
 3.091,  3.239
13.379, 14.506
 2.472,  2.687
 2.633,  3.367
 2.686,  4.705
 1.082,  1.285
 1.409,  1.490
 1.178,  1.843
 3.328,  4.494
 4.357,  4.735
 0.970,  1.648
 0.617,  1.025
 2.674,  2.730
 2.657,  2.709
 0.929,  1.139
 1.181,  1.489
 1.780,  1.912
 1.813,  1.859
 1.136,  1.338
 2.035,  2.214
 0.677,  0.843
 0.961,  1.025
 1.164,  1.322
 1.901,  1.983
 1.428,  1.572
 0.966,  1.062
 0.642,  0.978
 1.492,  1.858
 1.345,  1.426
 1.331,  1.408
 2.579,  2.789
 4.661,  4.754
 4.783,  5.150
 1.952,  3.076
 3.842,  4.323
 1.263,  1.681
 2.839,  3.106
 2.881,  3.307
 4.019,  4.038
 1.173,  1.294
 3.280,  3.349
 4.691,  4.708
 4.110,  4.166
 4.413,  4.425
 1.457,  1.543
 1.204,  1.552
 3.417,  4.121
 2.359,  2.465
 2.427,  2.631
 1.994,  2.014
 1.339,  1.497
 0.726,  0.770
 1.028,  1.265
 2.612,  2.764
 1.097,  1.187
 1.954,  2.202
 2.341,  2.464
 1.241,  1.324
 1.411,  1.792
 5.424,  5.515
 2.088,  2.205
 0.346,  2.229
 1.756,  1.961
 0.748,  0.917
 2.694,  2.764
 2.391,  3.752
 1.238,  1.560
 1.271,  1.600
 1.747,  2.249
 1.362,  1.562
 2.047,  2.136
 1.480,  1.565
 3.087,  3.123
 1.492,  1.608
 1.751,  2.448
 5.328,  6.059
 2.135,  2.544
 1.844,  2.276
 2.328,  2.434
 1.095,  1.740
 1.445,  1.828
 4.421,  6.226
 0.577,  0.973
 6.114,  7.797
 2.845,  3.561
 2.113,  2.484
 3.007,  3.177
 2.613,  4.699
 2.553,  2.608
 0.918,  1.021
 2.402,  2.547
 2.745,  2.829
 2.548,  2.551
 0.640,  0.766
 7.717,  9.501
 1.736,  2.012
 2.329,  3.424
 1.506,  1.969
 5.335,  6.034
 6.984,  7.152
 0.636,  0.699
 1.678,  1.779
 1.526,  1.899
 1.193,  1.483
 1.281,  1.309
 1.540,  1.595
 2.245,  2.357
 0.919,  1.015
 2.424,  2.698
 2.091,  2.173
 1.690,  1.835
 2.217,  2.680
 1.477,  1.516
 1.042,  1.139
 2.074,  2.205
 0.812,  0.889
 2.654,  2.722
 0.507,  0.855
 2.034,  2.153
 0.947,  0.848
 1.243,  1.408
 3.901,  4.298
 1.910,  2.330
 2.324,  2.365
 1.952,  1.997
 1.024,  1.171
 2.110,  2.162
 0.590,  0.770
 2.000,  2.590
 0.827,  0.919
 3.499,  3.769
 1.154,  1.353
 1.108,  1.201
 1.798,  2.269
 3.156,  3.362
 4.051,  4.101
 3.116,  3.998
 2.053,  2.173
 3.139,  3.755
 1.331,  1.498
 0.790,  0.901
 0.759,  1.013
 1.388,  1.557
 0.813,  1.083
 0.401,  0.491
 1.107,  1.440
 0.784,  0.821
 0.668,  0.699
 1.131,  1.159
 0.507,  0.589
 1.016,  1.349
 0.739,  1.001
 1.341,  1.716
 1.717,  2.209
 0.708,  0.810
 4.161,  4.455
 1.196,  1.275
 1.255,  1.656
 3.582,  3.528
 3.165,  3.330
 2.034,  2.049
 0.853,  1.110
 2.010,  2.325
 3.898,  3.924
 1.122,  1.630
 2.595,  2.699
 1.526,  1.645
 4.382,  4.398
 3.530,  4.136
 2.246,  2.771
 0.841,  1.172
 1.614,  1.935
 3.835,  3.951
 3.973,  4.140
 2.017,  2.083
 3.326,  3.372
 1.065,  1.221
 2.796,  2.847
 1.568,  1.737
 0.629,  0.768
 6.877,  7.214
 4.734,  5.397
 3.608,  3.793
 6.917,  7.043
 1.455,  1.561
 1.939,  2.724
 2.746,  2.808
 2.956,  3.054
 0.571,  0.755
 0.754,  1.263
 0.687,  0.751
 1.967,  2.018
 0.731,  1.117
 0.870,  1.031
 2.646,  2.755
 2.546,  3.846
 1.277,  1.393
 0.651,  0.734
 1.085,  1.235
 1.003,  1.110
 4.373,  7.379
 1.093,  1.191
 1.351,  1.536
 2.870,  3.072
 2.533,  3.211
 1.636,  1.946
 3.936,  4.176
 1.533,  1.630
 1.822,  1.963
 1.670,  1.802
 1.002,  1.051
 2.245,  2.398
 2.333,  2.978
 0.499,  0.574
 3.076,  3.222
 1.580,  1.708
 3.113,  3.252
 3.617,  3.803
 2.757,  2.449
 1.326,  1.402
 4.382,  6.656
 0.918,  0.982
 1.781,  1.840
 1.739,  1.763
 0.769,  0.904
 1.202,  1.310
 0.983,  1.110
 1.274,  1.329
 1.100,  1.152
 1.341,  1.449
 2.485,  2.533
 2.556,  2.659
 3.510,  3.742
 3.240,  3.204
 3.553,  3.459
 0.838,  1.341
 0.950,  1.039
 2.825,  2.831
 1.223,  1.334
 3.177,  3.289
 2.517,  2.780
 1.133,  1.426
 3.649,  4.288
 2.295,  2.530
 5.372,  6.094
 0.960,  1.127
 2.347,  2.941
 0.574,  0.733
 1.371,  1.923
 1.725,  2.012
 1.167,  1.496
 1.436,  1.477
 0.950,  1.161
 2.220,  2.563
 1.177,  1.467
 2.075,  2.153
 2.811,  2.963
 0.688,  0.826
 1.115,  1.241
 2.109,  2.455
 2.218,  2.275
 1.554,  4.700
 0.711,  0.783
 1.826,  1.945
 1.774,  2.059
 1.526,  2.011
 1.619,  1.673
 0.982,  1.154
 2.304,  2.634
 2.767,  3.702
 0.753,  0.886
 4.282,  4.311
 2.272,  2.576
 1.673,  1.725
 2.077,  2.162
 2.300,  2.545
 3.802,  4.046
 1.599,  1.827
 5.307,  5.735
 3.039,  3.167
 1.425,  1.666
 3.027,  3.065
 3.513,  4.246
 5.279,  5.310
 1.398,  2.020
 1.549,  1.649
 0.942,  1.161
 2.726,  5.280
 1.067,  1.345
 4.932,  6.248
 3.778,  4.715
 1.758,  1.896
 3.079,  3.076
 3.666,  4.524
 6.338,  6.289
 2.939,  3.054
 6.543,  6.601
 7.151,  7.204
 1.393,  2.012
 2.489,  2.661
 2.338,  2.125
 1.551,  1.746
 1.265,  1.289
 3.760,  3.865
 0.418,  0.683
 5.042,  5.606
 1.532,  1.587
 1.674,  2.617
 3.043,  3.192
 2.414,  2.391
 2.204,  2.581
 1.181,  1.322
 3.210,  4.263
 2.539,  2.889
 1.467,  1.635
 1.158,  1.746
 2.393,  2.593
 1.555,  1.757
 2.525,  2.625
 1.465,  1.452
 1.772,  1.837
 1.039,  1.458
 0.883,  1.076
 2.361,  2.965
 1.783,  1.809
 4.538,  4.800
 1.396,  1.437
 3.586,  3.905
 3.126,  3.553
 1.408,  1.629
 1.189,  1.350
 1.887,  2.160
 3.177,  2.987
 6.393,  8.087
10.098, 10.860
 6.485,  7.321
 0.889,  1.114
 1.033,  2.871
 2.959,  3.404
 0.974,  1.044
 1.258,  1.340
 1.863,  1.905
 2.072,  2.224
 3.138,  3.582
 2.344,  3.590
 0.358,  0.555
 1.500,  1.724
 0.971,  1.202
 1.724,  2.059
 2.735,  3.248
 1.252,  1.313
 0.887,  1.119
 4.228,  4.792
 4.101,  4.563
 1.717,  1.943
 0.756,  0.835
 0.886,  0.921
 0.296,  0.318
 0.963,  0.993
 1.530,  1.612
 1.370,  1.553
 3.688,  3.653
 1.312,  1.572
 1.295,  1.332
 1.163,  1.242
 1.944,  2.076
 2.331,  2.386
 1.445,  1.498
 1.907,  2.203
 1.427,  1.600
 1.257,  1.628
 0.890,  0.949
 1.529,  1.596
 1.547,  1.730
 1.308,  1.639
 1.544,  2.146
 1.008,  1.042
 2.858,  2.861
 0.958,  1.213
 0.795,  0.977
 4.175,  4.491
 1.552,  2.100
 1.884,  2.017
 0.753,  0.823
 2.152,  2.602
 1.286,  1.400
 2.159,  2.318
 1.179,  1.250
 0.646,  0.776
 1.685,  2.050
 2.120,  2.251
 2.444,  2.494
 2.498,  2.840
 1.919,  1.946
 1.446,  1.577
 1.546,  1.616
 1.268,  1.445
 1.108,  1.186
 1.049,  2.974
 1.502,  1.544
 1.152,  1.299
 2.798,  2.869
 0.469,  0.621
 6.035,  6.613
 0.868,  1.049
11.401, 12.277
 1.214,  1.285
 1.174,  1.196
 0.895,  0.983
 2.600,  4.879
 1.068,  1.123
 3.542,  4.080
27.397, 23.450
 3.798,  3.988
 5.128,  5.727
 1.152,  1.215
 2.127,  2.524
 1.411,  1.475
 1.030,  1.149
 1.572,  1.658
 2.006,  2.642
 4.140,  6.586
 3.574,  3.618
 3.278,  3.382
 1.879,  2.060
 1.124,  1.415
 1.596,  1.964
 1.016,  1.013
 3.134,  3.255
 1.805,  2.226
 1.326,  1.757
 1.155,  1.294
 1.994,  3.326
 2.564,  2.603
 3.084,  3.512
 1.578,  1.801
 3.878,  4.370
 3.912,  4.342
 0.838,  0.963
 3.520,  3.646
12.374, 12.994
 4.615,  4.678
 1.329,  1.521
 5.352,  5.422
 4.560,  5.436
 1.871,  1.977
 2.826,  3.040
 2.605,  2.948
 1.147,  1.309
 1.461,  1.607
 0.879,  1.139
 2.026,  2.063
 1.874,  1.884
 0.968,  1.194
 1.437,  1.508
 2.904,  3.083
 2.047,  2.233
 2.085,  2.203
 1.365,  1.497
 2.027,  2.262
 2.800,  3.020
 1.960,  2.035
 2.834,  2.870
 1.355,  1.679
 3.466,  3.772
 3.906,  3.938
 1.668,  2.175
 1.407,  1.935
 2.675,  2.661
 1.583,  1.693
 1.124,  1.425
 1.558,  1.691
 1.887,  1.994
 1.625,  1.861
 1.252,  1.435
 3.012,  4.264
 2.357,  2.499
 1.805,  2.052
 4.932,  4.938
 1.154,  1.338
 4.140,  4.207
 3.187,  3.544
 1.080,  1.997
 1.314,  1.520
 1.173,  1.361
 4.529,  4.413
 3.541,  3.806
 4.584,  5.109
 1.224,  1.362
 1.362,  1.917
 9.034,  9.117
 2.479,  3.858
 3.361,  4.015
 2.076,  2.263
 1.714,  1.811
 3.029,  3.264
 3.240,  3.352
 2.394,  2.500
 0.879,  1.015
 1.058,  1.421
 2.612,  2.982
 2.215,  2.279
 1.667,  1.852
 1.774,  2.015
 1.111,  1.238
 2.001,  2.331
 2.538,  2.683
 1.118,  1.415
 1.785,  2.107
 2.262,  2.624
 2.781,  3.144
 1.265,  1.507
 0.838,  0.968
 2.121,  2.666
 2.965,  3.089
 1.239,  1.360
13.901, 15.286
 1.604,  1.825
 3.169,  3.355
 2.822,  2.900
 1.175,  1.233
 1.108,  1.155
 0.883,  0.963
 0.656,  0.755
 0.834,  0.956
 1.064,  1.236
 1.460,  1.535
 3.362,  3.926
 2.049,  2.244
 1.617,  2.138
 2.189,  2.439
 1.051,  1.143
 1.174,  1.316
 2.940,  3.172
 1.802,  2.055
 0.914,  1.020
 2.725,  2.769
 0.642,  0.738
 0.790,  0.904
 0.968,  1.306
 0.631,  0.705
 1.266,  1.371
 0.930,  1.010
 3.755,  3.804
 0.708,  0.787
 1.136,  1.345
 6.645,  6.872
 9.036,  8.979
 2.678,  2.949
 3.130,  4.214
 1.064,  1.250
 2.416,  3.014
 4.342,  4.754
 4.777,  4.911
 2.258,  2.499
 4.507,  4.847
 3.399,  3.652
 0.981,  1.039
 0.873,  0.976
 1.237,  1.382
 2.615,  2.906
 2.040,  2.108
 1.533,  1.691
 2.120,  2.342
 0.523,  0.562
 1.000,  1.045
 2.251,  2.548
 2.061,  2.491
 2.231,  2.362
 1.424,  1.582
 1.530,  1.640
 3.139,  3.161
 2.120,  2.394
 0.935,  1.172
 2.360,  2.450
 1.628,  1.797
 1.637,  1.902
 3.102,  3.424
 1.321,  1.645
 1.995,  2.265
 1.638,  1.696
 1.328,  1.388
 2.062,  2.195
 3.151,  3.531
 0.648,  1.163
 1.216,  1.406
 0.836,  0.961
 0.657,  0.731
 1.839,  2.104
 1.045,  1.312
 2.468,  2.539
 1.036,  1.121
 2.169,  2.290
 1.664,  2.055
 2.817,  2.868
 1.735,  1.859
 1.005,  1.202
 1.352,  1.547
 0.816,  0.906
 0.959,  1.136
 3.516,  3.456
 2.421,  2.539
 1.320,  1.396
 3.231,  3.368
 1.781,  2.061
 2.082,  2.269
 0.836,  0.963
 5.193,  5.227
 0.949,  1.728
 2.611,  3.856
 3.313,  4.433
 1.494,  1.582
 1.492,  3.262
 2.683,  3.102
 1.566,  1.856
 3.634,  3.832
 2.798,  3.013
 1.178,  1.328
 0.960,  1.147
 1.339,  1.405
 2.402,  2.759
 1.243,  1.285
 1.241,  1.641
 4.607,  4.663
 2.480,  3.028
 0.404,  0.692
 1.635,  1.732
 1.008,  1.138
 1.293,  1.458
 1.075,  1.137
 2.349,  2.411
 0.934,  1.109
 0.748,  1.187
 1.954,  2.543
 0.921,  1.069
 3.630,  3.772
 1.915,  2.226
 1.886,  2.076
 2.398,  2.416
 1.604,  1.828
 2.763,  2.969
 3.249,  3.921
 2.285,  2.272
 0.555,  0.660
 1.094,  1.250
 1.469,  1.594
 3.217,  3.621
 1.029,  1.784
 0.682,  1.195
 0.961,  1.008
 2.390,  3.684
 1.208,  1.257
 3.427,  3.539
 0.811,  0.869
 2.661,  2.893
 1.933,  2.060
 4.163,  4.463
 5.513,  6.460
 0.840,  0.958
 1.891,  1.982
 2.659,  2.570
 1.548,  1.647
 0.959,  1.128
 1.322,  1.522
 0.572,  0.577
 0.756,  0.908
 1.192,  1.371
 1.090,  1.236
 1.953,  1.984
 1.246,  1.327
 1.685,  1.740
 1.562,  1.684
 2.111,  2.318
 0.714,  0.864
 0.836,  0.929
 1.929,  1.992
 1.081,  1.174
 4.939,  8.266
 3.123,  3.112
 1.626,  1.674
 0.831,  1.005
 1.093,  1.732
 3.303,  3.577
 3.845,  3.853
 2.234,  2.382
 1.733,  1.787
 0.408,  1.664
 0.738,  0.765
 2.119,  2.363
 1.142,  1.212
 1.553,  1.586
 2.749,  2.887
 1.355,  1.504
 3.512,  3.989
 5.966,  6.219
 1.535,  1.643
 1.526,  1.640
 3.800,  3.788
 0.660,  1.171
 0.785,  1.152
 1.106,  1.187
 1.381,  1.463
 2.677,  2.882
 6.728, 11.581
 2.518,  2.668
 1.240,  1.459
 3.003,  3.575
 1.729,  2.045
 0.905,  1.128
 1.190,  1.478
 0.869,  0.979
 1.453,  1.599
 1.361,  1.465
 3.273,  4.333
 1.326,  1.380
 0.434,  0.736
 1.363,  1.540
 4.174,  4.246
 0.922,  1.150
 1.716,  1.896
 0.827,  0.871
 0.742,  0.936
 0.682,  0.735
 0.654,  0.749
 0.701,  0.852
 8.008,  8.826
 1.556,  2.480
 1.573,  1.700
 0.612,  1.009
 3.035,  2.994
 0.580,  0.891
 2.158,  2.272
 1.313,  1.389
 1.583,  1.994
 1.689,  1.780
 3.010,  3.211
 2.782,  2.897
 1.396,  1.696
 3.657,  3.803
 1.480,  1.710
 1.360,  1.807
 1.893,  1.940
 2.324,  2.995
 2.096,  2.186
 4.533,  4.767
 2.067,  2.219
 1.796,  1.909
 1.133,  1.348
 1.244,  1.508
 0.935,  1.098
 1.334,  1.520
 4.647,  4.830
 2.536,  2.722
 4.280,  5.129
 2.491,  2.556
 1.384,  1.626
 1.409,  1.761
 1.190,  1.278
 0.814,  0.869
 1.491,  1.572
 0.708,  0.799
 2.400,  2.487
 0.987,  1.110
 0.843,  0.896
 2.480,  3.341
 1.341,  1.926
 3.331,  3.394
 4.114,  4.311
 1.779,  1.988
 1.759,  3.055
 3.456,  3.918
 3.721,  3.660
 5.079,  5.239
 1.152,  1.464
 1.817,  2.031
 2.780,  2.840
 0.982,  1.046
 0.607,  0.705
 1.494,  1.568
 1.881,  1.948
 1.507,  1.658
 3.458,  3.776
 1.026,  1.249
 4.440,  4.496
 0.645,  0.836
 2.953,  3.132
 2.636,  2.746
 4.446,  4.526
 3.960,  4.462
 1.524,  1.611
 2.708,  2.784
 0.999,  1.199
 1.133,  1.794
 1.820,  1.914
 2.077,  2.185
 1.599,  1.646
 0.659,  0.715
 0.837,  0.959
 1.819,  1.846
 7.091,  7.459
 2.248,  2.518
 3.591,  4.269
 1.420,  1.740
 1.121,  1.482
 3.175,  3.632
 1.425,  1.856
 1.710,  1.746
 0.737,  0.939
 4.517,  8.639
 1.363,  1.498
 0.961,  1.049
 1.950,  2.230
 2.376,  2.670
 2.658,  2.681
 1.318,  1.760
 2.332,  2.719
 2.125,  2.200
 1.633,  1.897
14.763, 14.629
22.535, 22.220
 2.380,  2.478
 1.615,  1.788
 0.727,  0.827
19.694, 19.051
 8.309,  8.620
 8.290,  7.882
 1.304,  1.464
 1.455,  1.568
 2.558,  2.625
 1.882,  1.957
 3.364,  3.546
 1.159,  1.298
 1.447,  2.115
 1.934,  2.352
 1.285,  1.686
 0.993,  1.341
 1.461,  1.697
 3.399,  3.708
 2.885,  2.925
 3.375,  3.537
 1.214,  1.428
 0.726,  0.828
 2.601,  2.703
 2.402,  2.674
 3.270,  3.326
 4.226,  4.267
 5.643,  5.816
 2.183,  2.326
 1.586,  1.762
 1.176,  1.234
 1.316,  1.516
 1.261,  1.618
 1.198,  1.313
 1.173,  1.278
 0.967,  1.153
 1.500,  1.625
 1.192,  1.322
 0.976,  1.031
 1.675,  1.759
 2.553,  2.872
 1.740,  1.901
 4.188,  4.205
 0.603,  0.714
 3.490,  3.634
 2.389,  3.340
 1.470,  1.186
 0.872,  0.985
 1.743,  2.224
 3.270,  3.428
 2.395,  2.635
 1.648,  1.747
 1.243,  1.682
 1.477,  1.554
 2.811,  2.938
 1.663,  2.280
 4.420,  4.567
 1.037,  1.307
 0.833,  0.995
 3.727,  3.817
 2.846,  2.919
 5.046,  6.322
 1.331,  1.465
 1.025,  1.025
 5.655,  6.139
 0.877,  1.021
 1.181,  1.525
 1.828,  2.115
 2.629,  2.658
 1.221,  1.288
 3.012,  3.214
 1.284,  1.312
 1.157,  1.245
 0.441,  0.474
 2.031,  2.354
 1.770,  1.876
 2.015,  2.087
 2.234,  2.315
 0.928,  1.118
 0.829,  0.840
 1.544,  1.637
 2.469,  2.651
 0.278,  0.439
 0.632,  0.663
 1.412,  1.631
 1.493,  1.567
 1.092,  1.218
 6.384,  6.832
11.929, 12.760
 4.914,  4.226
 3.334,  3.533
 0.719,  0.770
 1.488,  1.816
 1.258,  1.349
 1.854,  1.991
 1.432,  1.494
 1.665,  2.252
 2.751,  2.843
 2.935,  3.133
 1.872,  2.011
 1.709,  1.782
 1.466,  1.582
 1.355,  1.544
 3.803,  5.736
17.259, 17.770
 2.020,  2.186
 1.499,  1.588
 0.815,  0.866
 1.009,  1.121
 1.588,  1.762
 0.756,  0.845
 1.228,  1.352
 0.506,  0.597
 1.315,  1.496
 1.919,  2.234
 1.057,  1.157
 1.045,  1.205
 1.278,  1.568
 1.426,  1.690
 1.983,  1.994
 2.244,  2.469
 1.822,  2.212
 2.782,  2.803
 2.607,  3.585
 0.772,  1.423
 1.038,  1.415
 1.265,  1.390
 0.735,  0.784
 0.842,  0.996
 1.195,  1.425
 1.206,  1.374
 2.844,  3.494
 2.139,  2.374
 1.655,  2.563
 1.601,  1.651
 0.913,  1.151
 1.013,  1.230
 0.673,  0.734
 1.146,  1.205
 0.939,  1.000
 4.326,  4.468
 2.577,  2.709
 2.441,  2.587
 2.077,  2.031
 1.138,  1.370
 2.113,  2.237
 2.163,  2.402
 1.076,  1.177
 3.807,  4.243
 2.927,  3.317
 0.935,  1.027
 1.161,  1.366
 0.687,  1.009
 1.082,  1.172
 0.939,  1.009
 2.767,  2.840
 1.018,  1.145
 1.096,  1.189
 1.172,  1.302
 1.472,  1.619
 0.602,  0.668
 1.987,  2.097
 0.692,  0.768
 4.842,  4.936
 0.864,  0.964
 2.194,  2.336
 0.823,  0.968
 1.212,  1.267
 1.760,  1.916
 1.072,  1.490
 1.933,  2.215
 2.641,  2.900
 4.195,  4.477
 1.571,  1.705
 2.379,  2.575
 2.406,  2.474
 0.930,  1.036
 1.124,  1.195
 1.285,  1.419
 1.498,  1.601
 1.927,  2.157
 3.984,  4.306
 6.640,  6.651
 2.224,  2.171
 2.399,  2.416
 2.900,  2.923
 2.920,  3.080
 1.976,  2.267
 2.289,  2.485
 0.920,  0.977
 0.828,  1.092
 0.801,  0.821
 1.773,  1.882
 0.742,  1.528
 0.936,  1.015
 1.416,  1.613
 1.407,  1.642
 0.931,  1.123
 4.411,  4.611
 1.099,  1.373
 2.884,  2.834
 2.179,  2.269
 1.624,  1.961
 5.413,  5.503
 3.307,  3.447
 1.342,  1.474
 3.153,  3.174
 3.599,  3.607
 1.793,  1.930
 1.426,  1.525
 1.522,  1.688
 2.155,  2.432
 2.098,  2.156
 0.971,  0.997
 0.517,  0.571
 1.630,  1.667
 1.529,  1.645
 0.984,  1.104
 1.093,  1.264
 0.839,  0.968
 2.002,  2.131
 1.410,  1.738
 1.271,  1.402
 1.172,  1.332
 2.995,  3.036
 0.765,  0.924
 2.044,  2.090
 1.077,  1.239
 2.867,  2.857
 1.723,  1.833
 3.381,  3.421
13.642, 14.717
 3.597,  3.786
 0.280,  0.521
 1.000,  2.468
 0.879,  1.080
 1.432,  1.458
 3.170,  4.240
 1.435,  1.609
 2.526,  2.515
 1.109,  1.596
 1.196,  1.794
 2.867,  3.334
 2.330,  2.391
 1.696,  1.829
 1.136,  1.275
 1.355,  1.399
 3.075,  3.235
 1.479,  1.911
 3.650,  3.718
 2.398,  2.502
 4.718,  5.178
14.519, 15.168
 1.124,  1.230
 1.581,  1.856
 2.054,  2.711
 0.701,  1.349
 1.877,  2.227
 0.741,  0.851
 0.819,  0.923
 2.211,  2.328
 0.930,  1.045
 0.854,  1.033
 1.506,  1.620
 0.827,  1.200
 1.539,  1.734
 2.486,  3.181
 1.092,  1.189
 1.750,  1.800
 2.382,  2.464
 0.563,  0.647
 0.640,  1.038
11.125, 14.223
 1.231,  1.354
 3.499,  3.529
 3.896,  4.191
 1.695,  1.875
 0.850,  0.904
 1.496,  1.660
 1.159,  1.224
 2.402,  3.108
 1.177,  1.484
 0.767,  0.953
 2.875,  2.923
 2.766,  2.865
 2.032,  2.070
 1.981,  2.150
 1.396,  1.642
 1.082,  2.172
 0.864,  0.905
 0.683,  0.925
 0.862,  0.911
 1.021,  1.279
 1.144,  1.289
 4.649,  4.663
 3.412,  3.346
 0.836,  1.012
 0.983,  1.164
 1.646,  2.458
 3.387,  3.420
 1.544,  1.748
 5.155,  5.651
 2.170,  2.265
 1.175,  1.546
 1.230,  1.352
 0.683,  0.746
 0.667,  0.739
 3.143,  3.559
 1.834,  2.009
 0.737,  0.866
 1.830,  2.526
 1.486,  1.802
 1.589,  2.030
 1.149,  1.248
 1.226,  1.417
 2.212,  2.410
 2.752,  2.915
 7.606,  9.568
 1.403,  1.848
 3.268,  3.335
 2.833,  2.934
 1.000,  1.342
 2.369,  2.505
 1.732,  1.771
 0.620,  0.692
 3.572,  3.633
 3.585,  4.798
 0.981,  1.028
 0.418,  0.480
 0.930,  1.186
 3.971,  4.186
 2.816,  2.906
 2.311,  2.568
 0.460,  0.549
 1.016,  1.114
 0.763,  0.835
 2.247,  2.334
 1.025,  1.244
 2.469,  2.512
 2.243,  2.344
 9.204,  9.388
12.331, 13.900
 1.465,  1.545
 0.683,  1.070
 0.944,  1.057
 2.352,  2.497
 1.760,  1.971
 4.248,  4.269
 0.752,  0.981
 0.759,  0.929
 1.239,  1.331
 0.972,  1.029
 0.982,  1.077
 2.208,  2.241
 0.787,  0.842
 3.874,  5.972
 3.469,  3.444
 2.730,  2.923
 1.833,  2.205
 0.613,  0.966
 1.772,  2.589
 3.781,  3.916
 2.903,  3.220
 0.813,  1.101
 2.117,  2.327
 1.022,  1.290
 1.077,  1.448
 2.358,  2.379
 1.228,  1.307
 1.475,  1.975
 2.344,  2.434
 1.762,  1.872
 2.905,  2.971
 3.070,  2.879
 1.649,  1.849
 0.890,  1.342
 1.117,  1.291
 0.979,  1.098
 1.427,  1.522
 1.542,  1.918
 0.907,  1.081
 4.236,  4.358
 0.678,  0.771
 1.946,  2.267
 1.563,  1.767
 2.598,  2.686
 1.148,  1.313
 2.656,  2.634
 1.471,  1.765
 4.024,  4.117
 2.785,  2.911
 2.182,  2.620
 4.062,  4.253
 5.288,  5.386
 1.092,  1.177
 2.162,  2.230
 0.635,  0.795
 0.964,  1.141
 2.148,  2.407
 2.208,  2.804
 0.739,  0.932
 0.975,  1.064
 1.206,  1.524
 1.857,  2.003
 2.811,  2.787
 1.350,  1.508
 1.164,  1.275
 0.901,  1.027
 1.531,  1.888
 0.785,  0.905
 1.368,  1.836
 0.724,  0.811
 0.991,  1.206
 2.087,  2.361
 1.086,  1.145
 0.756,  0.817
 0.554,  0.608
 1.125,  1.226
 0.662,  0.832
 4.367,  4.671
 0.902,  1.232
 0.950,  1.302
 1.828,  2.146
 1.170,  1.455
 2.921,  3.002
 0.972,  1.215
 2.320,  2.414
 0.581,  0.634
 1.184,  1.242
 1.898,  2.106
 2.052,  2.220
 2.087,  2.170
 3.204,  3.318
 4.395,  4.513
 0.999,  1.224
 0.662,  0.852
 1.443,  1.606
 7.028,  7.267
 0.843,  1.005
 3.381,  3.507
 1.030,  1.381
 5.841,  9.202
 3.281,  3.798
 0.940,  1.092
 1.717,  2.151
 3.204,  4.522
 1.018,  1.290
 3.546,  3.723
 0.401,  0.410
 1.204,  1.374
 1.648,  1.714
 0.452,  0.505
 1.211,  1.325
 0.522,  0.584
 1.217,  1.273
 1.490,  1.449
 3.274,  3.782
 1.050,  1.297
 2.397,  2.693
 1.779,  1.824
 0.850,  0.968
 2.779,  2.948
 1.950,  2.078
 1.189,  1.241
 2.252,  2.389
 1.605,  1.952
 1.482,  1.538
 2.565,  2.631
 0.783,  0.993
 1.780,  2.583
 1.050,  1.188
 1.592,  1.703
 1.864,  2.200
 6.992,  9.632
 2.594,  2.846
 1.068,  1.121
 0.858,  1.062
 2.868,  2.914
 3.155,  3.339
 0.832,  0.918
 1.973,  2.017
 3.623,  3.668
 3.000,  3.330
 3.121,  2.981
 1.770,  2.166
 3.492,  4.820
 2.630,  2.646
 2.425,  3.246
 4.097,  4.615
 2.561,  2.969
 1.410,  1.498
 0.830,  0.871
 2.554,  2.602
 1.529,  1.570
 2.521,  2.704
 1.231,  1.716
 0.778,  0.818
 1.501,  1.719
 1.639,  1.741
 1.014,  1.236
 3.398,  5.028
 0.541,  0.698
 2.691,  3.096
 4.412,  4.606
 1.509,  1.661
 0.900,  1.201
 0.521,  0.596
 1.211,  1.290
 1.429,  1.483
 1.632,  1.822
 1.113,  1.184
 1.101,  1.123
 0.580,  0.821
 1.003,  1.051
 1.426,  1.492
 1.546,  1.883
 2.185,  2.844
 1.065,  1.189
 3.094,  3.870
 4.442,  4.743
 2.729,  3.052
 1.717,  2.711
 0.764,  0.829
 2.277,  2.429
 1.029,  1.739
 1.746,  2.081
 0.586,  0.659
 1.082,  1.280
 0.757,  0.943
 0.633,  0.687
 0.827,  0.954
 3.081,  3.305
 1.595,  1.691
 1.239,  1.294
 2.820,  2.967
 1.835,  1.939
 1.582,  1.919
 0.768,  1.238
 2.319,  2.480
 2.083,  2.313
 2.067,  2.162
 1.770,  2.143
 1.837,  1.604
 3.310,  3.464
 1.258,  1.432
 0.624,  1.058
 3.089,  4.098
 1.447,  1.730
 2.592,  2.689
 1.233,  1.273
 0.765,  0.823
 2.652,  2.792
 1.564,  1.967
 1.732,  1.892
 2.326,  3.330
 1.193,  1.442
21.891, 22.592
 2.349,  2.396
 1.450,  1.513
 0.518,  0.664
 1.082,  1.119
 1.285,  1.392
 0.830,  0.989
 1.193,  2.222
 1.249,  1.675
 0.897,  1.059
 1.181,  1.574
 1.563,  1.628
 3.319,  3.553
 3.433,  3.833
 1.232,  1.289
 1.564,  1.806
 2.692,  2.872
 1.398,  1.575
 3.494,  3.619
 0.851,  1.024
 3.244,  3.372
 0.999,  1.094
 2.619,  2.658
 6.926,  8.790
 2.191,  2.334
 3.640,  3.731
 1.030,  1.110
 0.956,  1.046
 2.059,  2.200
 0.676,  1.031
 1.711,  1.751
 0.700,  1.323
 1.386,  1.500
 1.244,  1.384
 1.037,  1.374
 1.906,  2.183
 1.966,  2.088
 1.910,  2.042
 1.149,  1.299
 3.022,  4.096
 2.343,  2.460
 2.685,  2.930
 1.248,  1.393
 0.788,  1.184
 0.809,  0.935
 1.289,  1.674
 0.731,  0.807
 1.193,  1.408
 2.403,  2.609
 8.836, 11.651
 1.562,  1.733
 2.058,  2.405
 3.099,  3.187
 2.361,  2.445
 3.175,  3.443
 1.467,  1.589
 1.881,  2.176
 0.851,  1.026
 1.191,  1.339
 1.803,  1.946
 0.932,  1.614
 0.865,  1.426
 2.678,  2.540
 2.243,  2.420
 1.112,  1.259
 2.121,  2.128
 3.072,  3.103
 5.343,  5.267
 1.752,  1.938
 1.121,  1.151
 1.084,  1.277
 0.824,  1.001
 2.587,  2.622
 1.546,  1.575
 2.184,  2.235
 2.388,  2.632
 1.628,  2.003
 2.478,  2.548
 1.046,  1.152
 1.960,  2.153
 2.284,  2.342
 3.074,  3.093
 1.779,  1.875
 1.744,  1.878
 2.211,  2.465
 1.590,  1.968
 1.819,  1.971
 2.436,  3.314
 0.890,  1.037
 1.198,  1.557
 1.056,  1.302
 1.066,  1.385
 2.429,  2.509
 2.356,  2.522
 1.169,  1.385
 2.259,  2.921
 1.536,  2.120
20.100, 20.971
 1.316,  1.391
 0.351,  0.440
 0.932,  1.308
 1.429,  1.532
 2.213,  2.387
 1.479,  1.782
 3.309,  3.482
 2.011,  2.998
 0.805,  0.915
 3.170,  3.218
 4.350,  4.987
 1.799,  1.883
 2.206,  2.377
 3.048,  3.244
 3.144,  3.557
 2.786,  3.797
 1.704,  1.979
 4.371,  5.709
 2.370,  2.524
 1.071,  1.424
 0.698,  0.935
 2.723,  2.820
 3.440,  3.480
 0.803,  1.068
 4.783,  4.795
 2.024,  2.159
 0.378,  0.380
 1.228,  1.340
 1.604,  1.751
 0.972,  1.087
 0.387,  0.472
 1.405,  1.765
 1.749,  2.078
 1.519,  1.678
 0.821,  0.917
 1.586,  1.687
 1.479,  1.537
 6.393,  6.914
 2.959,  3.347
 1.800,  1.953
 3.962,  3.976
 2.224,  2.538
 1.522,  1.636
 2.649,  3.150
 1.622,  1.817
 1.127,  1.395
 1.775,  1.917
 0.803,  1.049
 2.690,  3.030
 1.321,  1.469
 1.471,  1.823
 1.209,  1.365
 1.842,  1.872
 0.491,  0.707
 1.153,  1.229
 1.460,  1.544
 0.795,  0.900
 1.716,  1.803
 0.745,  1.081
 1.486,  1.683
 1.643,  1.680
 0.889,  0.973
 2.141,  2.327
 1.965,  2.133
 5.605,  5.888
 1.055,  1.132
 3.773,  3.870
 3.779,  3.854
 1.880,  2.025
 1.193,  1.263
 0.882,  0.980
 1.688,  1.756
 2.213,  2.322
 1.188,  1.467
 2.132,  3.502
 1.422,  2.144
 1.777,  2.068
 1.498,  1.685
 0.958,  1.066
 2.004,  4.295
 1.687,  1.831
 0.843,  0.892
 0.876,  0.968
 1.851,  1.944
 1.032,  1.086
 0.712,  1.074
 2.306,  2.716
 0.851,  0.923
 0.438,  0.587
 0.949,  0.984
 0.966,  1.176
 2.578,  2.732
 0.843,  0.947
 1.743,  4.656
 1.639,  1.722
 1.996,  2.324
 0.654,  0.784
 1.042,  1.163
 1.198,  1.308
 4.204,  4.366
 0.567,  1.025
 7.263,  7.490
13.798, 14.287
 0.755,  0.870
 1.520,  1.544
 0.699,  0.798
 1.106,  1.285
 0.552,  0.586
 1.106,  1.160
 1.619,  1.680
 0.909,  1.026
 1.709,  1.756
 1.023,  1.136
 1.849,  2.021
 1.221,  1.657
 2.796,  3.014
 1.246,  1.625
 1.104,  1.394
 3.894,  4.024
 3.099,  3.237
 1.325,  1.521
 6.380, 10.212
 2.248,  2.351
 1.744,  2.374
 1.787,  2.317
 6.108,  6.648
 0.694,  0.718
 2.055,  2.885
 1.510,  1.740
 2.925,  2.977
 2.774,  2.835
 1.436,  1.663
 2.724,  2.780
 0.528,  0.750
 2.156,  2.409
 0.861,  1.077
 1.236,  1.328
 0.754,  0.960
 0.886,  0.987
 1.623,  1.739
 2.076,  2.177
 0.906,  1.730
 1.516,  1.687
 2.286,  2.250
 2.279,  2.767
 0.651,  0.777
 1.167,  1.427
 0.714,  0.867
 1.346,  1.511
 0.920,  1.005
 0.613,  0.773
 1.876,  1.928
 1.180,  1.612
 3.258,  3.531
 0.939,  0.984
 1.385,  1.496
 1.636,  2.646
 2.002,  2.097
 1.220,  1.436
 1.594,  1.879
 3.724,  3.657
 4.994,  5.011
 0.970,  1.119
 1.482,  1.428
 2.783,  2.910
 1.143,  1.209
 4.716,  4.759
 3.172,  3.428
 1.056,  1.645
 1.397,  1.826
 0.801,  1.189
 0.599,  0.870
 0.879,  0.957
 1.314,  1.418
 0.268,  0.450
 0.617,  0.649
 1.162,  1.291
 2.803,  2.834
 2.349,  2.577
 1.370,  1.558
 5.000,  5.015
 3.127,  3.881
 1.550,  1.856
 0.445,  0.561
 1.651,  1.616
 0.762,  1.236
 1.476,  1.649
 1.050,  1.523
 1.486,  1.638
 0.974,  1.100
 1.369,  1.696
 1.388,  1.698
 1.016,  1.225
 2.079,  2.092
 1.280,  1.321
 1.765,  1.856
 2.262,  2.592
 0.839,  0.998
 1.888,  2.141
 2.106,  2.207
 3.534,  3.151
 1.370,  1.441
 2.437,  2.796
 1.310,  1.362
 4.888,  8.823
 0.898,  1.091
 2.235,  2.286
 0.897,  0.957
 0.932,  1.104
 0.762,  1.516
 8.386,  8.397
 1.619,  1.717
 2.285,  2.886
 3.069,  3.725
 1.830,  2.162
 0.562,  0.619
 1.653,  1.922
 3.024,  3.247
14.135, 35.942
 3.499,  3.538
 4.907,  5.298
 1.613,  1.706
 1.111,  1.211
 1.174,  1.350
 0.477,  0.617
 3.994,  4.108
 3.603,  3.581
 1.750,  1.836
 2.644,  2.710
 1.315,  1.501
 2.372,  2.520
 2.286,  2.367
 0.502,  0.842
 1.714,  2.127
 3.065,  3.222
 2.563,  2.736
 1.434,  1.675
 1.513,  1.549
 4.388,  4.710
 2.987,  2.972
 2.016,  2.322
 1.324,  1.345
 6.001,  6.326
 1.524,  1.724
 3.888,  3.932
 3.182,  3.747
 3.770,  3.827
 1.832,  2.130
 4.819,  4.867
 2.949,  3.448
 5.022,  4.993
 1.941,  2.148
 0.507,  0.655
 0.762,  0.824
 0.904,  1.107
 0.644,  1.098
 0.784,  0.955
 3.439,  3.747
 0.695,  0.871
 3.163,  3.337
 2.869,  4.143
 1.055,  1.179
 1.272,  1.419
 0.969,  1.013
 3.086,  3.185
 2.325,  2.319
 1.121,  1.372
 1.117,  1.363
 1.043,  1.280
 3.527,  3.727
 2.093,  2.664
 3.817,  3.962
 3.800,  4.163
 2.138,  2.156
 5.337,  5.534
 1.390,  1.645
 1.453,  1.504
 0.978,  1.068
 0.596,  0.839
 3.599,  5.735
 2.246,  2.497
 1.261,  1.515
 2.959,  3.064
 1.794,  3.039
 1.788,  2.134
 2.179,  2.366
 1.144,  1.296
 0.828,  0.903
 2.167,  2.411
 1.157,  1.288
 0.885,  0.961
 0.911,  1.003
 0.773,  0.848
 1.094,  1.219
 1.214,  2.240
 2.687,  2.852
 2.768,  2.869
 1.634,  1.946
 0.988,  1.273
 0.815,  1.006
 1.827,  2.211
 0.880,  1.236
 2.783,  2.814
 2.117,  2.172
 2.061,  2.142
 2.585,  2.618
 1.088,  1.225
 1.857,  2.069
 1.291,  1.600
 3.535,  5.023
 1.657,  1.764
 3.738,  3.799
 1.782,  1.783
 1.457,  1.531
 0.814,  0.921
 0.269,  0.311
 2.038,  2.743
 1.667,  1.760
 2.930,  3.054
 4.723,  4.783
 1.072,  2.468
 3.276,  3.387
