size_diff, size_an4, num_faces_an4
-1.477, 16.400,  4.000
 3.115, 22.949,  4.000
 3.095, 19.777,  4.000
-1.626, 85.637, 13.000
 2.521, 185.787, 24.000
-0.454, 25.142,  4.000
 3.890, 160.226, 28.000
-16.652, 49.093,  9.000
 3.480, 37.633,  9.000
 1.659, 130.134, 21.000
-6.889, 47.593,  7.000
-2.429, 95.803, 15.000
-9.086, 46.548,  6.000
-0.799, 17.049,  4.000
-19.032, 40.982,  6.000
 1.377, 34.776,  6.000
 0.770, 21.908,  5.000
 0.833, 109.537, 17.000
-110.063, 123.484, 17.000
 6.439, 151.946, 38.000
 1.105, 30.532,  6.000
-2.100, 19.621,  2.000
-4.073, 18.030,  4.000
-1.988, 65.909, 14.000
-0.590, 75.138,  9.000
-0.785, 83.014,  8.000
-3.312, 57.833,  7.000
-1.315, 61.285, 11.000
 1.033, 29.756,  6.000
-2.471, 81.222, 14.000
-4.657, 62.731, 10.000
 3.888, 12.587,  3.000
 1.246, 26.644,  6.000
-9.655, 45.917,  6.000
 0.979, 130.595, 12.000
-3.096, 16.173,  4.000
-2.609, 40.789, 10.000
 3.384, 30.937,  6.000
 0.639, 79.878, 13.000
 2.061, 28.121,  5.000
-1.124, 71.889, 10.000
-1.078, 86.548, 13.000
 3.685, 139.924, 19.000
-0.260, 19.828,  3.000
 2.449, 111.391, 19.000
 1.175, 26.241,  5.000
-4.315, 43.700, 10.000
-11.407, 56.772,  8.000
 0.376, 24.078,  6.000
 0.250, 17.843,  5.000
 1.074, 92.448, 17.000
 1.001, 26.785,  4.000
-2.295, 86.237, 13.000
 1.935, 28.423,  5.000
 5.585, 171.672, 30.000
-6.739, 65.216,  8.000
-15.555, 44.660,  5.000
 2.772, 33.335,  5.000
 1.878, 22.440,  8.000
-3.998, 48.147,  6.000
 4.012, 42.795, 10.000
 0.912, 21.079,  4.000
-20.975, 41.303,  5.000
 0.943, 91.172, 13.000
-16.418, 44.436,  6.000
-3.179, 63.193, 10.000
-8.913, 33.765,  5.000
-19.038, 33.870,  7.000
 1.338, 117.018, 14.000
-3.051, 67.031, 12.000
-13.520, 40.361,  5.000
-7.223, 71.248, 10.000
-0.598, 79.846, 16.000
 1.787, 33.006,  6.000
-7.105, 49.218,  7.000
-7.451, 44.841,  8.000
-4.959, 46.752,  7.000
-9.173, 75.281,  8.000
-16.960, 42.905,  6.000
-12.344, 68.586,  9.000
-1.527, 70.425,  9.000
-8.955, 65.216,  7.000
-1.571, 64.739,  8.000
-2.536, 75.234, 11.000
 4.041, 186.902, 39.000
-7.130, 58.198,  9.000
-3.077, 86.738,  8.000
-4.470, 71.599, 11.000
21.696, 13.958,  3.000
 0.211, 88.839, 12.000
-0.626, 59.524,  7.000
-7.009, 68.889,  9.000
-12.851, 46.844,  6.000
 0.710, 87.822, 11.000
-0.299, 102.730, 17.000
 2.870, 129.030, 24.000
-0.418, 101.272, 17.000
-5.192, 50.859,  7.000
-5.300, 65.409, 11.000
 2.164, 25.855,  5.000
-5.202, 18.395,  4.000
 4.386, 37.187,  7.000
 3.644, 21.781,  6.000
-1.026, 83.279, 10.000
-6.647, 50.991,  6.000
-1.483, 24.043,  6.000
 1.681, 15.013,  4.000
-11.190, 49.996,  6.000
-2.785, 59.632,  8.000
-0.540, 136.045, 16.000
-9.176, 59.722,  6.000
 0.971, 79.203, 12.000
 3.297, 158.984, 24.000
-4.222, 49.450,  5.000
-12.747, 49.417,  6.000
 5.122, 35.350,  6.000
 1.678, 76.721, 15.000
-0.632, 57.603, 10.000
 2.439, 26.034,  2.000
 3.590, 160.460, 34.000
-5.385, 57.682, 10.000
26.766, 20.279,  5.000
-4.098, 73.779,  9.000
-3.471, 79.116,  9.000
 2.474, 27.993,  7.000
-3.917, 72.361, 11.000
 2.888, 116.006, 20.000
-1.296, 61.853, 10.000
-1.546, 88.890, 16.000
-8.358, 51.383,  6.000
-4.945, 50.084,  7.000
 2.213, 23.581,  4.000
 2.608, 119.777, 19.000
 4.079, 189.824, 33.000
-4.072, 38.427,  4.000
 1.550, 155.009, 27.000
-1.258, 85.323, 11.000
 0.038, 76.343, 11.000
 3.665, 35.366,  6.000
-0.613, 61.504,  8.000
 0.409, 81.666, 16.000
 3.319, 36.092,  6.000
 1.594, 96.170, 17.000
-7.153, 48.900,  5.000
-0.382, 17.968,  3.000
-6.502, 61.145,  7.000
-13.112, 24.885,  4.000
-109.759, 125.456, 27.000
 1.719, 112.058, 13.000
-0.723, 95.256, 11.000
 0.378, 12.458,  1.000
-5.655, 41.747,  4.000
 1.734, 100.711, 21.000
 5.046, 198.313, 43.000
-9.873, 60.716,  8.000
-2.580, 70.180, 10.000
 1.701, 29.733,  7.000
 0.529, 99.044, 16.000
-1.868, 21.696,  3.000
-3.773, 87.718,  9.000
 5.640, 47.226, 13.000
 3.497, 29.527,  7.000
-2.941, 98.867, 15.000
-8.918, 62.649,  9.000
 1.134, 139.459, 21.000
-1.761, 47.253,  6.000
15.634, 16.979,  4.000
-3.302, 85.295, 14.000
-1.929, 82.844,  8.000
 0.187, 114.925, 24.000
 0.928, 25.046,  5.000
 4.116, 146.766, 27.000
-1.156, 62.063, 13.000
-0.100, 14.261,  4.000
 1.565, 139.880, 24.000
-2.272, 76.574, 10.000
-12.254, 46.107,  7.000
-1.032, 105.546, 23.000
 0.065, 24.819,  5.000
 0.952, 102.380, 12.000
-3.262, 56.178, 10.000
 2.010, 35.220,  7.000
-3.121, 70.893, 13.000
 3.989, 161.200, 33.000
-5.515, 43.805,  6.000
-0.193, 93.200, 12.000
-17.899, 43.784,  6.000
-15.297, 32.345,  8.000
 0.182, 77.312, 12.000
-0.893, 80.928, 12.000
 8.349, 15.013,  4.000
-3.318, 47.876,  8.000
-0.705, 62.479, 13.000
 2.030, 28.019,  4.000
 2.286, 158.998, 32.000
-0.210, 13.958,  3.000
 2.304, 122.760, 18.000
 0.311, 70.901, 13.000
 0.491, 15.448,  3.000
-2.626, 86.004, 11.000
-17.731, 41.421,  6.000
-124.360, 136.819, 20.000
-3.523, 52.024, 11.000
 1.444, 97.804, 15.000
-0.176, 108.074, 15.000
 1.862, 72.618, 12.000
-8.606, 55.052,  7.000
-0.367, 68.880,  9.000
 0.119, 128.023, 22.000
 1.012, 28.398,  5.000
 2.239, 137.171, 18.000
 3.361, 115.654, 19.000
-13.805, 39.720,  4.000
-4.655, 42.373,  9.000
-2.592, 61.922, 11.000
-7.434, 55.935,  7.000
 0.166, 105.010, 12.000
 1.997, 25.945,  3.000
 0.010, 99.646, 14.000
-0.385, 102.795, 16.000
-1.752, 85.436, 14.000
-6.085, 51.115,  9.000
-3.330, 20.850,  5.000
 3.961, 12.056,  3.000
-1.119, 60.552, 11.000
-1.509, 24.147,  5.000
-3.588, 65.277,  8.000
59.132, 14.832,  2.000
 0.224, 75.185, 16.000
 0.382, 95.071, 10.000
-0.634, 84.842, 14.000
 3.011, 36.230,  7.000
-8.792, 53.002,  7.000
-3.867, 47.451, 10.000
-17.150, 32.074,  8.000
 0.152, 34.423,  5.000
 2.966, 26.328,  5.000
-13.439, 35.430,  7.000
 3.312, 111.404, 20.000
 8.982, 33.658,  7.000
-6.479, 48.121,  5.000
-9.332, 38.125,  8.000
 3.324, 37.633,  5.000
 4.168, 226.623, 37.000
 1.245, 19.083,  3.000
-1.418, 27.090,  4.000
-2.231, 73.668,  9.000
-0.062, 139.076, 18.000
-2.515, 101.784, 11.000
-7.418, 39.294,  8.000
 0.585, 96.804, 17.000
-6.635, 87.455, 12.000
-25.979, 44.951,  8.000
 1.577, 105.840, 16.000
32.101, 13.420,  4.000
-0.150, 23.213,  4.000
 2.346, 23.509,  4.000
 0.280, 65.059, 12.000
-0.328, 94.908, 16.000
-5.474, 46.239,  6.000
-6.467, 36.246,  6.000
-0.660, 102.310, 15.000
 3.160, 142.692, 22.000
 1.082, 21.034,  4.000
-0.815, 74.632,  8.000
-9.183, 44.436,  5.000
-0.504, 75.831,  9.000
 1.243, 104.819, 19.000
-9.744, 43.349,  7.000
 1.386, 143.150, 24.000
10.197, 37.845,  8.000
-3.581, 55.812, 10.000
-1.009, 19.463,  4.000
-12.710, 43.584,  6.000
-15.180, 49.068,  8.000
-1.948, 101.986, 18.000
 1.531, 15.448,  3.000
 1.248, 50.036, 10.000
-14.314, 47.558,  6.000
-7.867, 55.611, 10.000
 0.936, 20.279,  4.000
-1.228, 20.031,  3.000
-0.675, 136.600, 22.000
-0.493, 82.612,  9.000
59.047, 12.713,  3.000
-1.027, 102.195, 13.000
 4.465, 165.901, 31.000
 3.276, 24.819,  3.000
 5.041, 38.372,  5.000
-2.912, 78.221, 16.000
-9.958, 44.107,  7.000
-3.325, 38.978,  8.000
102.831, 12.957,  3.000
-8.749, 35.106,  8.000
-6.741, 59.750, 10.000
 0.732, 97.100, 16.000
-1.938, 89.724, 13.000
 0.666, 62.863, 13.000
-0.106, 99.444, 19.000
-2.423, 67.653, 13.000
-3.082, 23.063,  5.000
-0.229, 63.748, 10.000
 4.541, 42.339,  7.000
 1.814, 16.400,  3.000
 1.038, 83.163, 12.000
 2.383, 36.595,  6.000
-0.899, 94.062,  8.000
 0.545, 147.319, 20.000
 2.501, 37.447,  8.000
-4.325, 50.403,  6.000
 2.344, 37.041,  7.000
 1.292, 27.549,  5.000
 1.571, 152.381, 23.000
 1.221, 26.328,  4.000
 3.941, 22.560,  2.000
 1.800, 24.353,  5.000
-15.876, 51.307,  7.000
-1.869, 104.111, 15.000
-3.981, 66.352, 13.000
 1.479, 34.659,  7.000
 1.672, 35.733,  7.000
-4.380, 53.912, 11.000
-10.346, 40.922,  8.000
-12.033, 60.215,  9.000
-5.977, 50.617,  8.000
-2.549, 64.439, 11.000
-1.184, 91.062, 14.000
-11.933, 45.159, 10.000
-9.917, 36.730,  7.000
 1.078, 82.508, 17.000
 3.262, 20.850,  4.000
-1.224, 83.638, 14.000
-1.492, 72.457, 13.000
-8.326, 49.499,  9.000
-6.383, 56.395,  7.000
 3.154, 142.717, 21.000
-10.285, 64.176, 10.000
-16.388, 48.363,  7.000
 0.563, 93.932, 17.000
-5.010, 66.370, 11.000
-3.168, 58.465, 10.000
-0.005, 63.238, 12.000
-10.610, 47.325,  9.000
-1.052, 111.926, 15.000
-5.447, 42.663,  4.000
 1.153, 73.130, 11.000
 5.800, 56.596, 13.000
-3.158, 75.940, 11.000
 0.342, 110.306, 19.000
 1.385, 163.669, 26.000
-4.638, 85.643, 11.000
-13.142, 35.008,  8.000
-0.215, 75.642, 12.000
-0.109, 49.101, 12.000
-2.564, 82.756, 11.000
-12.775, 60.037,  6.000
-1.865, 107.738,  8.000
-0.396, 118.317, 14.000
-6.667, 59.192,  8.000
-18.204, 35.983,  7.000
 0.758, 86.327, 14.000
69.842, 15.013,  3.000
 5.709, 44.262, 10.000
-1.013, 109.665, 19.000
 1.469, 91.983, 16.000
-0.475, 87.326, 14.000
-1.150, 21.079,  3.000
-6.117, 42.652,  6.000
-0.796, 73.145, 15.000
 0.402, 12.056,  2.000
-1.625, 44.355, 10.000
 2.943, 26.813,  4.000
75.642, 12.836,  3.000
-0.140, 17.049,  3.000
-2.225, 106.239, 17.000
 1.134, 98.550, 15.000
 1.158, 103.256, 13.000
 1.108, 104.775, 16.000
88.118, 13.420,  3.000
 2.804, 105.328, 14.000
-8.341, 54.731,  8.000
-4.855, 50.348, 10.000
-6.767, 46.678,  6.000
-9.392, 84.701, 14.000
-9.194, 44.087,  6.000
-9.353, 45.149,  7.000
-7.532, 39.527,  9.000
-18.869, 35.269,  8.000
-0.821, 98.100, 12.000
-0.706, 77.774, 14.000
 5.167, 48.346, 12.000
 1.665, 112.734, 18.000
 0.498, 93.912, 15.000
 3.502, 27.993,  4.000
 0.676, 108.732, 19.000
-22.103, 36.061,  7.000
 2.272, 94.466, 17.000
 2.789, 134.651, 31.000
-119.915, 131.688, 16.000
-0.998, 67.277,  8.000
 0.117, 97.252, 17.000
 0.857, 149.212, 16.000
-0.864, 105.996, 16.000
-10.560, 64.830, 11.000
 0.733, 96.740, 16.000
-7.318, 44.548,  5.000
-3.600, 53.181,  8.000
-4.537, 94.060, 16.000
-13.353, 61.743, 12.000
-2.606, 50.012,  7.000
-10.425, 43.263,  7.000
-5.519, 42.574,  6.000
-7.357, 52.663,  7.000
51.937, 12.327,  3.000
-3.844, 82.134, 13.000
-11.210, 46.990,  4.000
-0.122, 103.031, 11.000
 2.347, 13.748,  4.000
 0.368, 111.240, 20.000
-6.950, 20.804,  4.000
 2.579, 165.032, 33.000
-11.411, 44.619,  9.000
 3.052, 166.983, 25.000
 2.893, 169.999, 29.000
-0.474, 79.561, 11.000
-0.822, 90.611, 15.000
-1.114, 70.176,  9.000
 1.086, 98.992, 14.000
-3.634, 68.229, 12.000
-9.601, 53.584,  8.000
-6.355, 54.188,  6.000
 0.000, 26.757,  6.000
-2.301, 51.874, 10.000
-9.801, 40.311,  4.000
-1.071, 88.023, 14.000
 1.339, 13.308,  2.000
-1.435, 21.908,  2.000
 1.255, 70.372, 13.000
 5.543, 189.024, 43.000
-0.408, 18.802,  3.000
-10.301, 29.870,  6.000
-12.459, 62.147, 10.000
 1.080, 23.509,  4.000
 0.300, 121.159, 15.000
 1.513, 133.736, 14.000
 6.507, 27.416,  6.000
-5.246, 66.552, 13.000
-0.533, 80.690, 13.000
 2.258, 73.351, 12.000
 4.661, 166.124, 39.000
 2.925, 121.177, 23.000
-1.748, 19.463,  5.000
-1.451, 77.524, 11.000
-3.164, 63.279,  6.000
-2.555, 18.572,  4.000
 1.299, 118.541, 19.000
 0.485, 89.269, 15.000
-9.840, 49.483,  8.000
-1.850, 80.928, 12.000
-15.000, 38.509,  7.000
-2.418, 84.603,  9.000
 1.398, 29.665,  6.000
-3.254, 69.256, 11.000
-7.566, 63.314,  8.000
 0.127, 21.739,  3.000
 2.280, 129.023, 21.000
 3.603, 173.239, 34.000
-0.936, 62.710,  6.000
-2.991, 18.688,  4.000
-2.115, 84.377, 12.000
 2.471, 102.063, 16.000
-14.456, 31.777,  6.000
-8.120, 41.125,  8.000
-20.681, 34.843,  6.000
-1.737, 67.428, 12.000
-2.021, 18.859,  4.000
 6.525, 40.162,  8.000
 1.708, 35.654,  7.000
-5.405, 47.576,  9.000
 2.860, 24.147,  6.000
-2.603, 76.718, 11.000
-7.956, 58.169,  7.000
-13.621, 56.005,  8.000
-2.427, 96.716, 14.000
-6.314, 56.050,  7.000
 0.436, 111.505, 20.000
-0.090, 80.492, 12.000
 3.456, 166.816, 27.000
-6.529, 40.187,  7.000
 2.298, 118.351, 20.000
 0.776, 105.290, 15.000
-20.192, 33.940,  7.000
 3.103, 16.622,  3.000
-2.261, 111.795, 15.000
 1.229, 107.278, 17.000
 0.201, 72.850, 14.000
-5.538, 99.422, 18.000
-3.374, 82.017, 12.000
-2.789, 48.243,  9.000
-0.137, 119.505, 21.000
-0.825, 23.581,  7.000
 1.626, 103.241, 13.000
-2.696, 50.695,  6.000
 0.247, 99.611, 12.000
 1.410, 92.344, 14.000
 1.030, 26.386,  5.000
-1.681, 107.136, 15.000
 4.344, 32.594,  5.000
-4.962, 74.549,  9.000
-86.416, 98.332, 22.000
 2.518, 26.299,  5.000
 0.784, 21.696,  4.000
-1.576, 60.076,  8.000
 2.181, 117.849, 17.000
 3.871, 40.174,  7.000
-3.011, 68.298, 13.000
 4.765, 165.607, 33.000
-4.618, 69.222, 11.000
 1.636, 119.511, 14.000
 1.709, 27.864,  5.000
 2.386, 25.269,  3.000
-25.092, 40.789,  7.000
-7.298, 56.248, 12.000
-2.255, 56.634,  8.000
-4.339, 22.910,  3.000
-15.183, 34.592,  8.000
-1.937, 76.312, 10.000
 1.145, 30.249,  8.000
-5.579, 64.720, 11.000
-2.636, 55.689,  6.000
 5.147, 28.671,  5.000
 0.419, 125.432, 15.000
-1.293, 19.568,  3.000
-6.038, 56.678,  8.000
-6.044, 25.237,  6.000
-6.140, 70.404, 10.000
-14.089, 34.893,  7.000
 1.032, 118.426, 18.000
 1.322, 102.320, 17.000
-3.909, 50.308,  7.000
 3.044, 105.930, 19.000
 3.090, 18.859,  4.000
 2.029, 101.172, 17.000
-9.260, 75.049,  7.000
-19.653, 34.843,  7.000
-5.845, 55.336, 10.000
-18.521, 38.194,  4.000
-2.938, 89.568,  9.000
 1.591, 108.411, 19.000
-0.404, 82.226, 10.000
-0.617, 140.846, 22.000
-0.151, 100.106, 11.000
-7.619, 44.138, 10.000
-1.036, 77.275, 16.000
-0.970, 107.352, 15.000
 0.443, 25.014,  4.000
-2.285, 63.132, 11.000
 1.300, 17.388,  4.000
-4.464, 90.650, 11.000
-25.474, 43.317,  6.000
-1.980, 68.799, 11.000
 0.609, 122.008, 22.000
-14.293, 35.462,  8.000
-2.788, 67.343,  8.000
-7.293, 36.061,  9.000
 2.348, 142.675, 27.000
-9.015, 46.333,  4.000
-5.421, 36.505,  7.000
-0.046, 96.197,  7.000
-1.876, 21.653,  5.000
-2.415, 16.475,  5.000
 6.572, 29.411,  6.000
-5.423, 74.392, 10.000
-0.233, 95.939, 18.000
-87.433, 99.206, 13.000
 1.044, 105.897, 14.000
-9.286, 66.479,  4.000
 1.095, 17.651,  4.000
 6.899, 39.527,  7.000
110.108, 12.836,  2.000
-8.987, 52.729,  8.000
-7.862, 44.740,  5.000
-1.742, 87.154, 13.000
-21.073, 37.548,  6.000
-6.750, 88.686,  9.000
 0.515, 71.029, 10.000
-2.783, 69.765, 12.000
 0.741, 13.420,  3.000
74.027, 13.076,  3.000
-12.318, 48.518,  8.000
-2.605, 45.090, 10.000
-3.182, 54.181, 11.000
45.515, 15.190,  3.000
 1.633, 29.388,  6.000
28.440, 24.555,  6.000
-10.829, 63.738,  8.000
 0.905, 26.644,  5.000
-0.899, 14.647,  3.000
-3.325, 70.663,  8.000
 1.178, 100.947, 12.000
 6.002, 58.281, 15.000
 1.873, 33.765,  5.000
-5.202, 65.367,  7.000
 3.081, 223.864, 30.000
 1.126, 74.038, 16.000
-3.092, 88.514, 19.000
 3.821, 155.962, 30.000
 1.683, 76.670, 16.000
 1.584, 155.984, 29.000
